Time,V_bert,V_exp,V_gomp,V_lin,V_log,V_mend,V_surf,a_exp,a_mend,a_log,a_lin,a_surf,a_gomp,a_bert,b_mend,b_log,b_lin,b_surf,b_gomp,b_bert,c_gomp,tumour
0.0,220.0,220.0,220.0,220.0,220.0,220.0,220.0,0.0246,0.105,0.0295,132.0,0.291,0.0919,0.2344,0.785,6920.0,4300.0,708.0,15500.0,3.46e-19,10700.0,1.0
0.12,221.02688912275437,220.65053524337816,220.8515155586123,220.77244190785314,220.75546855672042,220.87084537241083,220.78909901630286,0.0246,0.105,0.0295,132.0,0.291,0.0919,0.2344,0.785,6920.0,4300.0,708.0,15500.0,3.46e-19,10700.0,1.0
0.24,222.0567699871895,221.30287452706972,221.7059427287691,221.54730262100858,221.51328958204533,221.74422618153835,221.58064128255955,0.0246,0.105,0.0295,132.0,0.291,0.0919,0.2344,0.785,6920.0,4300.0,708.0,15500.0,3.46e-19,10700.0,1.0
0.36,223.08982720556622,221.95713218814433,222.56346673511118,222.32473552030896,222.2736125048082,222.62030099023943,222.37478111078977,0.0246,0.105,0.0295,132.0,0.291,0.0919,0.2344,0.785,6920.0,4300.0,708.0,15500.0,3.46e-19,10700.0,1.0
0.48,224.1260834209635,222.61332559303332,223.42411650104998,223.10476400807548,223.0364604011001,223.49909158369155,223.17154137067462,0.0246,0.105,0.0295,132.0,0.291,0.0919,0.2344,0.785,6920.0,4300.0,708.0,15500.0,3.46e-19,10700.0,1.0
0.6,225.16554073562838,223.2714569361242,224.28789579143097,223.88739105571696,223.80183623983274,224.38060039107773,223.97092487134645,0.0246,0.105,0.0295,132.0,0.291,0.0919,0.2344,0.785,6920.0,4300.0,708.0,15500.0,3.46e-19,10700.0,1.0
0.72,226.20820846062432,223.93153627777178,225.15482188565264,224.67263027775317,224.56975364466507,225.26483840218728,224.77294443949773,0.0246,0.105,0.0295,132.0,0.291,0.0919,0.2344,0.785,6920.0,4300.0,708.0,15500.0,3.46e-19,10700.0,1.0
0.84,227.25408632215377,224.59356335226389,226.02489433071247,225.46048131478472,225.34021225747722,226.15180531468584,225.5775997329702,0.0246,0.105,0.0295,132.0,0.291,0.0919,0.2344,0.785,6920.0,4300.0,708.0,15500.0,3.46e-19,10700.0,1.0
0.96,228.30318919790668,225.25755502615982,226.89814213449188,226.25096697087244,226.1132349454573,227.0415192211333,226.38491213478576,0.0246,0.105,0.0295,132.0,0.291,0.0919,0.2344,0.785,6920.0,4300.0,708.0,15500.0,3.46e-19,10700.0,1.0
1.08,229.3555149320908,225.92350887703316,227.77456113271137,227.0440839707561,226.88881842537538,227.93397751467273,227.19487857129593,0.0246,0.105,0.0295,132.0,0.291,0.0919,0.2344,0.785,6920.0,4300.0,708.0,15500.0,3.46e-19,10700.0,1.0
1.2,230.41106562856663,226.59142726895544,228.65415538933527,227.83983551079677,227.66696590137025,228.8291827393633,228.00750204210672,0.0246,0.105,0.0295,132.0,0.291,0.0919,0.2344,0.785,6920.0,4300.0,708.0,15500.0,3.46e-19,10700.0,1.0
1.3199999999999998,231.46984916047197,227.2613194859806,229.53694084934006,228.63823411466737,228.44768995771886,229.72714470072697,228.82279424174243,0.0246,0.105,0.0295,132.0,0.291,0.0919,0.2344,0.785,6920.0,4300.0,708.0,15500.0,3.46e-19,10700.0,1.0
1.44,232.53187265784962,227.93319392085417,230.4229319274026,229.43929110466323,229.23100197051653,230.6278722689939,229.64076574480356,0.0246,0.105,0.0295,132.0,0.291,0.0919,0.2344,0.785,6920.0,4300.0,708.0,15500.0,3.46e-19,10700.0,1.0
1.56,233.5971374897585,228.6070520562872,231.31213117426745,230.24300848917656,230.01690394920493,231.53136706337034,230.4614184434716,0.0246,0.105,0.0295,132.0,0.291,0.0919,0.2344,0.785,6920.0,4300.0,708.0,15500.0,3.46e-19,10700.0,1.0
1.68,234.66564826200815,229.28289929830774,232.2045478640773,231.04939355648747,230.80540321734506,232.43763480054372,231.28475914507837,0.0246,0.105,0.0295,132.0,0.291,0.0919,0.2344,0.785,6920.0,4300.0,708.0,15500.0,3.46e-19,10700.0,1.0
1.7999999999999998,235.7374133251073,229.96074585519017,233.10019942052335,231.85846000500035,231.5965135777344,233.34668608907336,232.11080058123048,0.0246,0.105,0.0295,132.0,0.291,0.0919,0.2344,0.785,6920.0,4300.0,708.0,15500.0,3.46e-19,10700.0,1.0
1.92,236.8124358020551,230.64059523138914,233.9990918907241,232.67021258474102,232.39023978831307,234.25852470858365,232.93954721339009,0.0246,0.105,0.0295,132.0,0.291,0.0919,0.2344,0.785,6920.0,4300.0,708.0,15500.0,3.46e-19,10700.0,1.0
2.04,237.89072062253905,231.3224532482777,234.90123525367437,233.4846591383994,233.1865897330294,235.17315679885863,233.77100636127784,0.0246,0.105,0.0295,132.0,0.291,0.0919,0.2344,0.785,6920.0,4300.0,708.0,15500.0,3.46e-19,10700.0,1.0
2.16,238.97227349553216,232.0063271484453,235.80664170867504,234.3018092901321,233.98557314989696,236.09058974064698,234.60518691436738,0.0246,0.105,0.0295,132.0,0.291,0.0919,0.2344,0.785,6920.0,4300.0,708.0,15500.0,3.46e-19,10700.0,1.0
2.28,240.05709946693423,232.69222296520624,236.71532156582776,235.1216711482933,234.78719819935466,237.0108298587937,235.44209642647138,0.0246,0.105,0.0295,132.0,0.291,0.0919,0.2344,0.785,6920.0,4300.0,708.0,15500.0,3.46e-19,10700.0,1.0
2.4,241.14520332649326,233.38014626471994,237.62728440541795,235.94425223566765,235.5914724324089,237.93388307023767,236.28174193542355,0.0246,0.105,0.0295,132.0,0.291,0.0919,0.2344,0.785,6920.0,4300.0,708.0,15500.0,3.46e-19,10700.0,1.0
2.52,242.23659009058926,234.0701030264642,238.54254045344103,236.76956059312636,236.39840393926565,238.85975565281552,237.12413093557348,0.0246,0.105,0.0295,132.0,0.291,0.0919,0.2344,0.785,6920.0,4300.0,708.0,15500.0,3.46e-19,10700.0,1.0
2.6399999999999997,243.33126477560225,234.76209922991703,239.46109993589235,237.59760426154074,237.20800081013095,239.78845388436386,237.96927092127086,0.0246,0.105,0.0295,132.0,0.291,0.0919,0.2344,0.785,6920.0,4300.0,708.0,15500.0,3.46e-19,10700.0,1.0
2.76,244.42923213660214,235.45614158798338,240.3829737369237,238.42839191826013,238.02027192800495,240.71998424097015,238.81716976937614,0.0246,0.105,0.0295,132.0,0.291,0.0919,0.2344,0.785,6920.0,4300.0,708.0,15500.0,3.46e-19,10700.0,1.0
2.88,245.5304969978037,236.15223661949702,241.30817256653293,239.26193207221624,238.8352259661075,241.654353146263,239.66783525553402,0.0246,0.105,0.0295,132.0,0.291,0.0919,0.2344,0.785,6920.0,4300.0,708.0,15500.0,3.46e-19,10700.0,1.0
3.0,246.63506458926503,236.85038970419924,242.23670611252896,240.09823224382066,239.65287036636255,242.59156671596563,240.52127456130816,0.0246,0.105,0.0295,132.0,0.291,0.0919,0.2344,0.785,6920.0,4300.0,708.0,15500.0,3.46e-19,10700.0,1.0
3.12,247.7429399116385,237.55060686571127,243.1685846405202,240.93730051225282,240.4732132666926,243.53163123984692,241.3774952040707,0.0246,0.105,0.0295,132.0,0.291,0.0919,0.2344,0.785,6920.0,4300.0,708.0,15500.0,3.46e-19,10700.0,1.0
3.2399999999999998,248.85412796557648,238.25289412765432,244.1038184161149,241.77914495669216,241.2962628050202,244.47455300767572,242.2365047011937,0.0246,0.105,0.0295,132.0,0.291,0.0919,0.2344,0.785,6920.0,4300.0,708.0,15500.0,3.46e-19,10700.0,1.0
3.36,249.9686337517313,238.9572575136496,245.04241770492143,242.62377365631815,242.12202711926784,245.42033830922094,243.09831057004928,0.0246,0.105,0.0295,132.0,0.291,0.0919,0.2344,0.785,6920.0,4300.0,708.0,15500.0,3.46e-19,10700.0,1.0
3.48,251.08646227075533,239.66370304731836,245.9843927725481,243.4711946903102,242.95051434735805,246.36899343425142,243.96292032800957,0.0246,0.105,0.0295,132.0,0.291,0.0919,0.2344,0.785,6920.0,4300.0,708.0,15500.0,3.46e-19,10700.0,1.0
3.5999999999999996,252.20761852330097,240.3722367522818,246.9297538846032,244.32141613784773,243.7817326272133,247.32052467253604,244.83034149244665,0.0246,0.105,0.0295,132.0,0.291,0.0919,0.2344,0.785,6920.0,4300.0,708.0,15500.0,3.46e-19,10700.0,1.0
3.7199999999999998,253.3321075100205,241.08286465216113,247.8785113066951,245.17444607811026,244.61569009675617,248.27493831384365,245.70058158073266,0.0246,0.105,0.0295,132.0,0.291,0.0919,0.2344,0.785,6920.0,4300.0,708.0,15500.0,3.46e-19,10700.0,1.0
3.84,254.45993338395266,241.7955961927047,248.8306782544289,246.0302955323032,245.45239854717101,249.2322417355029,246.57364993339266,0.0246,0.105,0.0295,132.0,0.291,0.0919,0.2344,0.785,6920.0,4300.0,708.0,15500.0,3.46e-19,10700.0,1.0
3.96,255.59110059986747,242.5104396014607,249.7862668932774,246.88897447433723,246.29186846916335,250.19244192769565,247.4495552419503,0.0246,0.105,0.0295,132.0,0.291,0.0919,0.2344,0.785,6920.0,4300.0,708.0,15500.0,3.46e-19,10700.0,1.0
4.08,256.7256150645374,243.22739724371138,250.74528433522894,247.75048783829268,247.1341040952279,251.15554401756236,248.3283030747819,0.0246,0.105,0.0295,132.0,0.291,0.0919,0.2344,0.785,6920.0,4300.0,708.0,15500.0,3.46e-19,10700.0,1.0
4.2,257.8634817585791,243.94647522396957,251.70774091562333,248.61484377289204,247.97911364964227,252.1215543205794,249.20990099235485,0.0246,0.105,0.0295,132.0,0.291,0.0919,0.2344,0.785,6920.0,4300.0,708.0,15500.0,3.46e-19,10700.0,1.0
4.32,259.00470566260924,244.66767964674796,252.67364696980027,249.48205042685777,248.82690535668402,253.09047915222317,250.09435655513659,0.0246,0.105,0.0295,132.0,0.291,0.0919,0.2344,0.785,6920.0,4300.0,708.0,15500.0,3.46e-19,10700.0,1.0
4.4399999999999995,260.1492917572444,245.3910166165593,253.6430128330995,250.35211594891226,249.6774874406307,254.06232482797003,250.98167732359454,0.0246,0.105,0.0295,132.0,0.291,0.0919,0.2344,0.785,6920.0,4300.0,708.0,15500.0,3.46e-19,10700.0,1.0
4.56,261.2972450231012,246.11649223791645,254.6158488408608,251.22504848777803,250.5308681257599,255.0370976632964,251.87187085819616,0.0246,0.105,0.0295,132.0,0.291,0.0919,0.2344,0.785,6920.0,4300.0,708.0,15500.0,3.46e-19,10700.0,1.0
4.68,262.4485704407964,246.84411261533208,255.5921653284239,252.10085619217747,251.38705563634917,256.0148039736786,252.76494471940885,0.0246,0.105,0.0295,132.0,0.291,0.0919,0.2344,0.785,6920.0,4300.0,708.0,15500.0,3.46e-19,10700.0,1.0
4.8,263.6032729909465,247.573883853319,256.5719726311285,252.9795472108331,252.24605819667613,256.9954500745931,253.6609064677,0.0246,0.105,0.0295,132.0,0.291,0.0919,0.2344,0.785,6920.0,4300.0,708.0,15500.0,3.46e-19,10700.0,1.0
4.92,264.76135765416825,248.30581205638995,257.55528108431446,253.86112969246733,253.10788403101833,257.9790422815163,254.5597636635371,0.0246,0.105,0.0295,132.0,0.291,0.0919,0.2344,0.785,6920.0,4300.0,708.0,15500.0,3.46e-19,10700.0,1.0
5.04,265.9228294110783,249.0399033290577,258.54210102332144,254.74561178580262,253.9725413636533,258.96558690992447,255.4615238673875,0.0246,0.105,0.0295,132.0,0.291,0.0919,0.2344,0.785,6920.0,4300.0,708.0,15500.0,3.46e-19,10700.0,1.0
5.16,267.0876932422932,249.776163775835,259.5324427834892,255.63300163956143,254.8400384188587,259.955090275294,256.3661946397187,0.0246,0.105,0.0295,132.0,0.291,0.0919,0.2344,0.785,6920.0,4300.0,708.0,15500.0,3.46e-19,10700.0,1.0
5.279999999999999,268.2559541284296,250.5145995012346,260.5263167001575,256.52330740246623,255.71038342091202,260.9475586931014,257.27378354099807,0.0246,0.105,0.0295,132.0,0.291,0.0919,0.2344,0.785,6920.0,4300.0,708.0,15500.0,3.46e-19,10700.0,1.0
5.3999999999999995,269.42761705010423,251.25521660976932,261.5237331086661,257.4165372232394,256.5835845940909,261.94299847882303,258.1842981316931,0.0246,0.105,0.0295,132.0,0.291,0.0919,0.2344,0.785,6920.0,4300.0,708.0,15500.0,3.46e-19,10700.0,1.0
5.52,270.6026869879337,251.9980212059519,262.52470234435464,258.3126992506035,257.45965016267286,262.9414159479351,259.0977459722711,0.0246,0.105,0.0295,132.0,0.291,0.0919,0.2344,0.785,6920.0,4300.0,708.0,15500.0,3.46e-19,10700.0,1.0
5.64,271.7811685559711,252.7430220303097,263.5292370763239,259.2118039546479,258.3385911841268,263.94281841906405,260.01413614731706,0.0246,0.105,0.0295,132.0,0.291,0.0919,0.2344,0.785,6920.0,4300.0,708.0,15500.0,3.46e-19,10700.0,1.0
5.76,272.96306448384456,253.49024163398417,264.53736220845747,260.11387397452285,259.220433561994,264.9472184873812,260.9334857416642,0.0246,0.105,0.0295,132.0,0.291,0.0919,0.2344,0.785,6920.0,4300.0,708.0,15500.0,3.46e-19,10700.0,1.0
5.88,274.1483818587599,254.23967127005315,265.5490749364434,261.01890438822386,260.10516956097877,265.9546168404574,261.85579374612513,0.0246,0.105,0.0295,132.0,0.291,0.0919,0.2344,0.785,6920.0,4300.0,708.0,15500.0,3.46e-19,10700.0,1.0
6.0,275.33712564666666,254.99131729915814,266.5643858268755,261.92690357406565,260.9928076820462,266.96501990334303,262.7810678780214,0.0246,0.105,0.0295,132.0,0.291,0.0919,0.2344,0.785,6920.0,4300.0,708.0,15500.0,3.46e-19,10700.0,1.0
6.12,276.52930081596304,255.74518607741817,267.58330544273406,262.8378799067308,261.8833564214222,267.9784341004188,263.70931585282074,0.0246,0.105,0.0295,132.0,0.291,0.0919,0.2344,0.785,6920.0,4300.0,708.0,15500.0,3.46e-19,10700.0,1.0
6.24,277.72491233749525,256.5012839564299,268.60584434338574,263.7518417572699,262.77682427059386,268.99486585539506,264.6405453841369,0.0246,0.105,0.0295,132.0,0.291,0.0919,0.2344,0.785,6920.0,4300.0,708.0,15500.0,3.46e-19,10700.0,1.0
6.359999999999999,278.923965184558,257.2596172832676,269.63201308458366,264.66879749310147,263.67321971630895,270.0143215913126,265.57476418372994,0.0246,0.105,0.0295,132.0,0.291,0.0919,0.2344,0.785,6920.0,4300.0,708.0,15500.0,3.46e-19,10700.0,1.0
6.4799999999999995,280.1264643328943,258.0201924004831,270.66182221846736,265.58875547801205,264.5725512405762,271.036807730542,266.5119799615063,0.0246,0.105,0.0295,132.0,0.291,0.0919,0.2344,0.785,6920.0,4300.0,708.0,15500.0,3.46e-19,10700.0,1.0
6.6,281.3324147606952,258.7830156461059,271.6952822935627,266.511724072156,265.4748273206654,272.06233069478407,267.4522004255184,0.0246,0.105,0.0295,132.0,0.291,0.0919,0.2344,0.785,6920.0,4300.0,708.0,15500.0,3.46e-19,10700.0,1.0
6.72,282.54182144860044,259.548093353643,272.7324038547821,267.43771163205577,266.380056429107,273.0908969050695,268.395433281965,0.0246,0.105,0.0295,132.0,0.291,0.0919,0.2344,0.785,6920.0,4300.0,708.0,15500.0,3.46e-19,10700.0,1.0
6.84,283.75468937969777,260.3154318520791,273.7731974434244,268.3667265106016,267.28824703369264,274.12251278175916,269.34168623519093,0.0246,0.105,0.0295,132.0,0.291,0.0919,0.2344,0.785,6920.0,4300.0,708.0,15500.0,3.46e-19,10700.0,1.0
6.96,284.9710235395234,261.08503746587644,274.81767359717475,269.29877705705184,268.19940759747465,275.1571847445439,270.2909669876874,0.0246,0.105,0.0295,132.0,0.291,0.0919,0.2344,0.785,6920.0,4300.0,708.0,15500.0,3.46e-19,10700.0,1.0
7.08,286.1908289160618,261.8569165149748,275.86584285010485,270.23387161703266,269.11354657876643,276.19491921244463,271.2432832400918,0.0246,0.105,0.0295,132.0,0.291,0.0919,0.2344,0.785,6920.0,4300.0,708.0,15500.0,3.46e-19,10700.0,1.0
7.199999999999999,287.4141104997456,262.6310753147917,276.9177157326728,271.17201853253823,270.03067243114214,277.2357226038123,272.19864269118756,0.0246,0.105,0.0295,132.0,0.291,0.0919,0.2344,0.785,6920.0,4300.0,708.0,15500.0,3.46e-19,10700.0,1.0
7.319999999999999,288.64087328345613,263.4075201762222,277.97330277172296,272.1132261419307,270.9507936034371,278.27960133632797,273.1570530379046,0.0246,0.105,0.0295,132.0,0.291,0.0919,0.2344,0.785,6920.0,4300.0,708.0,15500.0,3.46e-19,10700.0,1.0
7.4399999999999995,289.8711222625226,264.1862574056389,279.03261449048637,273.05750277994014,271.87391853974725,279.3265618270027,274.11852197531874,0.0246,0.105,0.0295,132.0,0.291,0.0919,0.2344,0.785,6920.0,4300.0,708.0,15500.0,3.46e-19,10700.0,1.0
7.56,291.1048624347227,264.96729330489205,280.0956614085803,274.00485677766454,272.80005567942965,280.37661049217763,275.0830571966523,0.0246,0.105,0.0295,132.0,0.291,0.0919,0.2344,0.785,6920.0,4300.0,708.0,15500.0,3.46e-19,10700.0,1.0
7.68,292.34209857969455,265.75063617219655,281.1624557078888,274.955298184976,273.72921557057276,281.4297545258519,276.0506675303833,0.0246,0.105,0.0295,132.0,0.291,0.0919,0.2344,0.785,6920.0,4300.0,708.0,15500.0,3.46e-19,10700.0,1.0
7.8,293.58283349020576,266.5363123457643,282.233024590023,275.9088525812215,274.6614278163531,282.4860081405193,277.02137205788665,0.0246,0.105,0.0295,132.0,0.291,0.0919,0.2344,0.785,6920.0,4300.0,708.0,15500.0,3.46e-19,10700.0,1.0
7.92,294.8270740421903,267.32431114430466,283.3073644353871,276.86551367883226,275.59668291751285,283.5453711494913,277.99516882296723,0.0246,0.105,0.0295,132.0,0.291,0.0919,0.2344,0.785,6920.0,4300.0,708.0,15500.0,3.46e-19,10700.0,1.0
8.04,296.07482519167166,268.1146393191499,284.38548613843085,277.8252901968737,276.534989788333,284.60785014831066,278.9720657771543,0.0246,0.105,0.0295,132.0,0.291,0.0919,0.2344,0.785,6920.0,4300.0,708.0,15500.0,3.46e-19,10700.0,1.0
8.16,297.3260918952511,268.9073036340756,285.4674006041153,278.7881908653837,277.47635735627586,285.67345173844967,279.952070879765,0.0246,0.105,0.0295,132.0,0.291,0.0919,0.2344,0.785,6920.0,4300.0,708.0,15500.0,3.46e-19,10700.0,1.0
8.28,298.58087911010807,269.70231086530055,286.55311874791306,279.75422442537234,278.4207945619849,286.74218252731,280.9351920979044,0.0246,0.105,0.0295,132.0,0.291,0.0919,0.2344,0.785,6920.0,4300.0,708.0,15500.0,3.46e-19,10700.0,1.0
8.4,299.83919179399965,270.49966780148696,287.6426514958085,280.7233996288223,279.3683103592848,287.8140491282232,281.9214374064654,0.0246,0.105,0.0295,132.0,0.291,0.0919,0.2344,0.785,6920.0,4300.0,708.0,15500.0,3.46e-19,10700.0,1.0
8.52,301.101034905261,271.2993812437402,288.73600978429727,281.6957252386884,280.3189137151814,288.88905816045,282.9108147881285,0.0246,0.105,0.0295,132.0,0.291,0.0919,0.2344,0.785,6920.0,4300.0,708.0,15500.0,3.46e-19,10700.0,1.0
8.64,302.36641340280516,272.10145800560895,289.8332045603868,282.671210028898,281.2726136098618,289.96721624918115,283.90333223336256,0.0246,0.105,0.0295,132.0,0.291,0.0919,0.2344,0.785,6920.0,4300.0,708.0,15500.0,3.46e-19,10700.0,1.0
8.76,303.63533224612314,272.9059049130853,290.934246781596,283.6498627843507,282.2294190366944,291.0485300255365,284.89899774042385,0.0246,0.105,0.0295,132.0,0.291,0.0919,0.2344,0.785,6920.0,4300.0,708.0,15500.0,3.46e-19,10700.0,1.0
8.879999999999999,304.9077963952838,273.71272880460447,292.03914741595537,284.6316923009187,283.1893390022286,292.1330061265657,285.89781931535674,0.0246,0.105,0.0295,132.0,0.291,0.0919,0.2344,0.785,6920.0,4300.0,708.0,15500.0,3.46e-19,10700.0,1.0
9.0,306.183810810934,274.521936531045,293.14791744200693,285.6167073854464,284.1523825261952,293.2206511952479,286.8998049719934,0.0246,0.105,0.0295,132.0,0.291,0.0919,0.2344,0.785,6920.0,4300.0,708.0,15500.0,3.46e-19,10700.0,1.0
9.12,307.4633804542985,275.3335349557288,294.26056784880427,286.60491685575045,285.118558641506,294.3114718804919,287.9049627319538,0.0246,0.105,0.0295,132.0,0.291,0.0919,0.2344,0.785,6920.0,4300.0,708.0,15500.0,3.46e-19,10700.0,1.0
9.24,308.7465102871799,276.14753095442103,295.3771096359126,287.5963295406201,286.08787639425424,295.40547483713596,288.9133006246458,0.0246,0.105,0.0295,132.0,0.291,0.0919,0.2344,0.785,6920.0,4300.0,708.0,15500.0,3.46e-19,10700.0,1.0
9.36,310.03320527195876,276.96393141533,296.4975538134086,288.59095427981697,287.06034484371423,296.50266672594785,289.9248266872652,0.0246,0.105,0.0295,132.0,0.291,0.0919,0.2344,0.785,6920.0,4300.0,708.0,15500.0,3.46e-19,10700.0,1.0
9.48,311.3234703715937,277.78274323910756,297.6219114018806,289.58879992407486,288.0359730623415,297.603054213625,290.93954896479556,0.0246,0.105,0.0295,132.0,0.291,0.0919,0.2344,0.785,6920.0,4300.0,708.0,15500.0,3.46e-19,10700.0,1.0
9.6,312.61731054962104,278.60397333884856,298.7501934324284,290.58987533510015,289.0147701357727,298.7066439727944,291.9574755100083,0.0246,0.105,0.0295,132.0,0.291,0.0919,0.2344,0.785,6920.0,4300.0,708.0,15500.0,3.46e-19,10700.0,1.0
9.719999999999999,313.9147307211299,279.4276292046929,299.8824113056484,291.5941898260057,289.9967457208137,299.8134428944479,292.97861466937354,0.0246,0.105,0.0295,132.0,0.291,0.0919,0.2344,0.785,6920.0,4300.0,708.0,15500.0,3.46e-19,10700.0,1.0
9.84,315.21573487296735,280.2537290360253,301.0185832338903,292.60176106523573,290.9819200589509,300.9234619002587,294.00298021394576,0.0246,0.105,0.0295,132.0,0.291,0.0919,0.2344,0.785,6920.0,4300.0,708.0,15500.0,3.46e-19,10700.0,1.0
9.959999999999999,316.5203287697689,281.0822705773399,302.15871442647267,293.61259076605313,291.97029317727214,302.0367042168422,295.03057555803167,0.0246,0.105,0.0295,132.0,0.291,0.0919,0.2344,0.785,6920.0,4300.0,708.0,15500.0,3.46e-19,10700.0,1.0
10.08,317.82851735638224,281.91326103335814,303.30281611031677,294.6266880227185,292.96187445315917,303.1531766315428,296.0614089080272,0.0246,0.105,0.0295,132.0,0.291,0.0919,0.2344,0.785,6920.0,4300.0,708.0,15500.0,3.46e-19,10700.0,1.0
10.2,319.14030557745826,282.7467076301644,304.45089952852675,295.6440619474228,293.9566732859901,304.27288594099036,297.095488482633,0.0246,0.105,0.0295,132.0,0.291,0.0919,0.2344,0.785,6920.0,4300.0,708.0,15500.0,3.46e-19,10700.0,1.0
10.32,320.45569837745154,283.5826176152059,305.6029759403895,296.66472167028763,294.9546990971395,305.3958389511005,298.13282251285443,0.0246,0.105,0.0295,132.0,0.291,0.0919,0.2344,0.785,6920.0,4300.0,708.0,15500.0,3.46e-19,10700.0,1.0
10.44,321.7747007006198,284.4209982572929,306.759056621375,297.6886763393648,295.9559613299784,306.52204247707425,299.1734192420016,0.0246,0.105,0.0295,132.0,0.291,0.0919,0.2344,0.785,6920.0,4300.0,708.0,15500.0,3.46e-19,10700.0,1.0
10.559999999999999,323.09731749102446,285.2618568465988,307.919152863136,298.71593512063674,296.96046944987404,307.65150334339876,300.21728692568934,0.0246,0.105,0.0295,132.0,0.291,0.0919,0.2344,0.785,6920.0,4300.0,708.0,15500.0,3.46e-19,10700.0,1.0
10.68,324.42355369253005,286.1052006946598,309.0832759735081,299.7465071980163,297.96823294419033,308.7842283838464,301.2644338318373,0.0246,0.105,0.0295,132.0,0.291,0.0919,0.2344,0.785,6920.0,4300.0,708.0,15500.0,3.46e-19,10700.0,1.0
10.799999999999999,325.7534142488047,286.9510371343751,310.25143727650976,300.78040177334674,298.9792613222875,309.9202244414755,302.31486824066974,0.0246,0.105,0.0295,132.0,0.291,0.0919,0.2344,0.785,6920.0,4300.0,708.0,15500.0,3.46e-19,10700.0,1.0
10.92,327.08690410331997,287.7993735200069,311.4236481123425,301.81762806640177,299.9935641155222,311.0594983686299,303.3685984447157,0.0246,0.105,0.0295,132.0,0.291,0.0919,0.2344,0.785,6920.0,4300.0,708.0,15500.0,3.46e-19,10700.0,1.0
11.04,328.42402819935063,288.6502172271805,312.59991983739053,302.85819531488556,301.01115087724736,312.202057026939,304.4256327488091,0.0246,0.105,0.0295,132.0,0.291,0.0919,0.2344,0.785,6920.0,4300.0,708.0,15500.0,3.46e-19,10700.0,1.0
11.16,329.76479147997514,289.503575652884,313.7802638242211,303.90211277443274,302.0320311828126,313.3479072873181,305.48597947008835,0.0246,0.105,0.0295,132.0,0.291,0.0919,0.2344,0.785,6920.0,4300.0,708.0,15500.0,3.46e-19,10700.0,1.0
11.28,331.10919888807507,290.3594562154686,314.9646914615841,304.94938971860836,303.0562146295637,314.49705602996806,306.54964693799684,0.0246,0.105,0.0295,132.0,0.291,0.0919,0.2344,0.785,6920.0,4300.0,708.0,15500.0,3.46e-19,10700.0,1.0
11.4,332.4572553663357,291.2178663546484,316.15321415441264,306.00003543890796,304.08371083684307,315.6495101443753,307.61664349428247,0.0246,0.105,0.0295,132.0,0.291,0.0919,0.2344,0.785,6920.0,4300.0,708.0,15500.0,3.46e-19,10700.0,1.0
11.52,333.8089658572455,292.0788135315005,317.3458433238224,307.05405924475747,305.1145294459893,316.8052765293121,308.68697749299804,0.0246,0.105,0.0295,132.0,0.291,0.0919,0.2344,0.785,6920.0,4300.0,708.0,15500.0,3.46e-19,10700.0,1.0
11.639999999999999,335.1643353030964,292.94230522846505,318.5425904071122,308.11147046351323,306.14868012033764,317.96436209283615,309.76065730050107,0.0246,0.105,0.0295,132.0,0.291,0.0919,0.2344,0.785,6920.0,4300.0,708.0,15500.0,3.46e-19,10700.0,1.0
11.76,336.52336864616154,293.8083489672917,319.74346684006935,309.17227844232605,307.18617255268634,319.1267737560618,310.83769129508676,0.0246,0.105,0.0295,132.0,0.291,0.0919,0.2344,0.785,6920.0,4300.0,708.0,15500.0,3.46e-19,10700.0,1.0
11.879999999999999,337.88607085139154,294.6769546007308,320.94848179751966,310.23649278614226,308.22701741877205,320.2925189346778,311.9180878201203,0.0246,0.105,0.0295,132.0,0.291,0.0919,0.2344,0.785,6920.0,4300.0,708.0,15500.0,3.46e-19,10700.0,1.0
12.0,339.25244684223213,295.54812783192745,322.15764858276094,311.30412268466665,309.27122368096565,321.46160417727697,313.00185531657274,0.0246,0.105,0.0295,132.0,0.291,0.0919,0.2344,0.785,6920.0,4300.0,708.0,15500.0,3.46e-19,10700.0,1.0
12.12,340.622501560649,296.42187627523145,323.370978652019,312.3751775418023,310.31880110991705,322.63403643882117,314.08900219907036,0.0246,0.105,0.0295,132.0,0.291,0.0919,0.2344,0.785,6920.0,4300.0,708.0,15500.0,3.46e-19,10700.0,1.0
12.24,341.99623994842835,297.298207568072,324.5884834760107,313.4496667795609,311.3697594989867,323.8098226839187,315.1795368945091,0.0246,0.105,0.0295,132.0,0.291,0.0919,0.2344,0.785,6920.0,4300.0,708.0,15500.0,3.46e-19,10700.0,1.0
12.36,343.3736669471766,298.1771293709571,325.8101745399437,314.5275998380628,312.42410866424535,324.98896988682384,316.27346784205463,0.0246,0.105,0.0295,132.0,0.291,0.0919,0.2344,0.785,6920.0,4300.0,708.0,15500.0,3.46e-19,10700.0,1.0
12.48,344.75478749832075,299.0586493674741,327.03606334351673,315.60898617553715,313.48185844447426,326.17148503143744,317.37080349314215,0.0246,0.105,0.0295,132.0,0.291,0.0919,0.2344,0.785,6920.0,4300.0,708.0,15500.0,3.46e-19,10700.0,1.0
12.6,346.1396065431081,299.9427752642892,328.26616140091926,316.6938352683216,314.543018701165,327.3573751113062,318.4715523114766,0.0246,0.105,0.0295,132.0,0.291,0.0919,0.2344,0.785,6920.0,4300.0,708.0,15500.0,3.46e-19,10700.0,1.0
12.719999999999999,347.5281290226063,300.8295147911477,329.50048024083196,317.78215661086256,315.60759931851953,328.5466471296234,319.5757227730325,0.0246,0.105,0.0295,132.0,0.291,0.0919,0.2344,0.785,6920.0,4300.0,708.0,15500.0,3.46e-19,10700.0,1.0
12.84,348.9203598777036,301.71887570087404,330.73903140642625,318.87395971571505,316.67561020345045,329.7393080992283,320.683323366054,0.0246,0.105,0.0295,132.0,0.291,0.0919,0.2344,0.785,6920.0,4300.0,708.0,15500.0,3.46e-19,10700.0,1.0
12.959999999999999,350.31630404910857,302.6108657693716,331.98182645536457,319.9692541135429,317.7470612855804,330.9353650426066,321.79436259105495,0.0246,0.105,0.0295,132.0,0.291,0.0919,0.2344,0.785,6920.0,4300.0,708.0,15500.0,3.46e-19,10700.0,1.0
13.08,351.7159664773501,303.50549279562307,333.22887695980023,321.0680493531184,318.8219625172427,332.13482499188996,322.9088489608188,0.0246,0.105,0.0295,132.0,0.291,0.0919,0.2344,0.785,6920.0,4300.0,708.0,15500.0,3.46e-19,10700.0,1.0
13.2,353.11935210277755,304.40276460168985,334.48019450637764,322.17035500132266,319.900323873481,333.3376949888566,324.0267910003986,0.0246,0.105,0.0295,132.0,0.291,0.0919,0.2344,0.785,6920.0,4300.0,708.0,15500.0,3.46e-19,10700.0,1.0
13.32,354.52646586556074,305.3026890327127,335.73579069623196,323.27618064314544,320.98215535204935,334.54398208493075,325.14819724711714,0.0246,0.105,0.0295,132.0,0.291,0.0919,0.2344,0.785,6920.0,4300.0,708.0,15500.0,3.46e-19,10700.0,1.0
13.44,355.9373127056898,306.2052739569113,336.99567714498943,324.38553588168514,322.06746697341214,335.7536933411829,326.2730762505668,0.0246,0.105,0.0295,132.0,0.291,0.0919,0.2344,0.785,6920.0,4300.0,708.0,15500.0,3.46e-19,10700.0,1.0
13.559999999999999,357.3518975629753,307.1105272655845,338.2598654827671,325.4984303381488,323.15626878074426,336.96683582832986,327.40143657260967,0.0246,0.105,0.0295,132.0,0.291,0.0919,0.2344,0.785,6920.0,4300.0,708.0,15500.0,3.46e-19,10700.0,1.0
13.68,358.7702253770483,308.01845687311004,339.52836735417316,326.61487365185224,324.248570839931,338.1834166267347,328.53328678737734,0.0246,0.105,0.0295,132.0,0.291,0.0919,0.2344,0.785,6920.0,4300.0,708.0,15500.0,3.46e-19,10700.0,1.0
13.799999999999999,360.1923010873601,308.92907071694486,340.8011944183065,327.73487548021984,325.344383239568,339.4034428264065,329.6686354812711,0.0246,0.105,0.0295,132.0,0.291,0.0919,0.2344,0.785,6920.0,4300.0,708.0,15500.0,3.46e-19,10700.0,1.0
13.92,361.618129866662,309.84237615636573,342.0783529517307,328.858442979804,326.4437137257159,340.62692081540797,330.807489409568,0.0246,0.105,0.0295,132.0,0.291,0.0919,0.2344,0.785,6920.0,4300.0,708.0,15500.0,3.46e-19,10700.0,1.0
14.04,363.04771647937935,310.75838162479215,343.3598586800635,329.9855877287059,327.5465742018406,341.8538582353862,331.949858562259,0.0246,0.105,0.0295,132.0,0.291,0.0919,0.2344,0.785,6920.0,4300.0,708.0,15500.0,3.46e-19,10700.0,1.0
14.16,364.48106586180097,311.6770951356749,344.6457233665269,331.1163194669836,328.652974851249,343.0842622132858,333.0957515832698,0.0246,0.105,0.0295,132.0,0.291,0.0919,0.2344,0.785,6920.0,4300.0,708.0,15500.0,3.46e-19,10700.0,1.0
14.28,365.9181829576045,312.5985247060537,345.93595861388434,332.25064787114866,329.7629258032867,344.3181398626307,334.24517706904055,0.0246,0.105,0.0295,132.0,0.291,0.0919,0.2344,0.785,6920.0,4300.0,708.0,15500.0,3.46e-19,10700.0,1.0
14.399999999999999,367.35907271046443,313.52267837559276,347.2305760353126,333.38858263391813,330.8764372082227,345.5554983060533,335.39814362688816,0.0246,0.105,0.0295,132.0,0.291,0.0919,0.2344,0.785,6920.0,4300.0,708.0,15500.0,3.46e-19,10700.0,1.0
14.52,368.80374006405214,314.4495642065814,348.5295872544015,334.5301334642146,331.9935192372494,346.7963446752949,336.55465987500656,0.0246,0.105,0.0295,132.0,0.291,0.0919,0.2344,0.785,6920.0,4300.0,708.0,15500.0,3.46e-19,10700.0,1.0
14.639999999999999,370.25218996203574,315.3791902839334,349.8330039051541,335.6753100871659,333.11418208248244,348.0406861112049,337.7147344424664,0.0246,0.105,0.0295,132.0,0.291,0.0919,0.2344,0.785,6920.0,4300.0,708.0,15500.0,3.46e-19,10700.0,1.0
14.76,371.7044273480802,316.3115647151875,351.1408376319865,336.82412224410547,334.2384359569607,349.28852976374174,338.87837596921514,0.0246,0.105,0.0295,132.0,0.291,0.0919,0.2344,0.785,6920.0,4300.0,708.0,15500.0,3.46e-19,10700.0,1.0
14.879999999999999,373.1604571658472,317.24669563050713,352.453100089728,337.97657969257205,335.36629109464644,350.53988279197205,340.0455931060772,0.0246,0.105,0.0295,132.0,0.291,0.0919,0.2344,0.785,6920.0,4300.0,708.0,15500.0,3.46e-19,10700.0,1.0
15.0,374.62028435899543,318.1845911826807,353.7698029436211,339.1326922063098,336.4977577504253,351.7947523640714,341.2163945147537,0.0246,0.105,0.0295,132.0,0.291,0.0919,0.2344,0.785,6920.0,4300.0,708.0,15500.0,3.46e-19,10700.0,1.0
15.12,376.0839138711802,319.12525954712106,355.0909578693212,340.2924695752683,337.6328462001061,353.05314565732374,342.3907888678227,0.0246,0.105,0.0295,132.0,0.291,0.0919,0.2344,0.785,6920.0,4300.0,708.0,15500.0,3.46e-19,10700.0,1.0
15.24,377.5513506460537,320.0687089218661,356.4165765528972,341.4559216056026,338.771566740421,354.31506985812155,343.5687848487392,0.0246,0.105,0.0295,132.0,0.291,0.0919,0.2344,0.785,6920.0,4300.0,708.0,15500.0,3.46e-19,10700.0,1.0
15.36,379.02259962726504,321.01494752757833,357.7466706908309,342.6230581196732,339.9139296890256,355.580532161966,344.7503911518347,0.0246,0.105,0.0295,132.0,0.291,0.0919,0.2344,0.785,6920.0,4300.0,708.0,15500.0,3.46e-19,10700.0,1.0
15.479999999999999,380.49766575845996,321.9639836075452,359.0812519900174,343.79388895604586,341.05994538449875,356.84953977346686,345.9356164823179,0.0246,0.105,0.0295,132.0,0.291,0.0919,0.2344,0.785,6920.0,4300.0,708.0,15500.0,3.46e-19,10700.0,1.0
15.6,381.97655398328124,322.91582542767867,360.42033216776474,344.968423969492,342.2096241863425,358.1220999063424,347.1244695562742,0.0246,0.105,0.0295,132.0,0.291,0.0919,0.2344,0.785,6920.0,4300.0,708.0,15500.0,3.46e-19,10700.0,1.0
15.719999999999999,383.4592692453682,323.8704812765158,361.76392295179426,346.1466730309882,343.36297647498236,359.39821978341945,348.31695910066577,0.0246,0.105,0.0295,132.0,0.291,0.0919,0.2344,0.785,6920.0,4300.0,708.0,15500.0,3.46e-19,10700.0,1.0
15.84,384.9458164883572,324.8279594652182,363.1120360802405,347.3286460277167,344.52001265176705,360.6779066366335,349.5130938533318,0.0246,0.105,0.0295,132.0,0.291,0.0919,0.2344,0.785,6920.0,4300.0,708.0,15500.0,3.46e-19,10700.0,1.0
15.959999999999999,386.4362007443053,325.7882687231504,364.4646785121301,348.5143511366928,345.6807417073745,361.961167374719,350.7128813210746,0.0246,0.105,0.0295,132.0,0.291,0.0919,0.2344,0.785,6920.0,4300.0,708.0,15500.0,3.46e-19,10700.0,1.0
16.08,387.93042689538026,326.75141713176316,365.8218653355474,349.7037994774848,346.8451750800796,363.24800947881204,351.9163311267223,0.0246,0.105,0.0295,132.0,0.291,0.0919,0.2344,0.785,6920.0,4300.0,708.0,15500.0,3.46e-19,10700.0,1.0
16.2,389.42849988052046,327.71741304911865,367.18360857381276,350.89700107742533,348.013323309906,364.5384402257931,353.1234521065923,0.0246,0.105,0.0295,132.0,0.291,0.0919,0.2344,0.785,6920.0,4300.0,708.0,15500.0,3.46e-19,10700.0,1.0
16.32,390.9304246453137,328.6862648856652,368.54991990031505,352.09396585016736,349.18519685009306,365.83246687664996,354.33425301444225,0.0246,0.105,0.0295,132.0,0.291,0.0919,0.2344,0.785,6920.0,4300.0,708.0,15500.0,3.46e-19,10700.0,1.0
16.439999999999998,392.43620613541486,329.65798107479003,369.9208109950547,353.29470372419877,350.36080617366736,367.1300967012149,355.5487426139208,0.0246,0.105,0.0295,132.0,0.291,0.0919,0.2344,0.785,6920.0,4300.0,708.0,15500.0,3.46e-19,10700.0,1.0
16.56,393.9458492965458,330.63257007281914,371.2962935446436,354.49922464284276,351.5401617734424,368.4313369781652,356.76692967856786,0.0246,0.105,0.0295,132.0,0.291,0.0919,0.2344,0.785,6920.0,4300.0,708.0,15500.0,3.46e-19,10700.0,1.0
16.68,395.45935907449547,331.6100403590173,372.67637924230525,355.70753856425745,352.72327416201847,369.7361949950229,357.9888229918141,0.0246,0.105,0.0295,132.0,0.291,0.0919,0.2344,0.785,6920.0,4300.0,708.0,15500.0,3.46e-19,10700.0,1.0
16.8,396.9767404151196,332.590400435588,374.06107978787435,356.9196554614362,353.9101538717832,371.0446780481548,359.21443134698166,0.0246,0.105,0.0295,132.0,0.291,0.0919,0.2344,0.785,6920.0,4300.0,708.0,15500.0,3.46e-19,10700.0,1.0
16.919999999999998,398.4979982643411,333.57365882767346,375.4504068877973,358.1355853222074,355.1008114549109,372.3567934427726,360.4437635472833,0.0246,0.105,0.0295,132.0,0.291,0.0919,0.2344,0.785,6920.0,4300.0,708.0,15500.0,3.46e-19,10700.0,1.0
17.04,400.0231375681499,334.55982408335484,376.844372255132,359.3553381492347,356.29525748336306,373.6725484929327,361.67682840582336,0.0246,0.105,0.0295,132.0,0.291,0.0919,0.2344,0.785,6920.0,4300.0,708.0,15500.0,3.46e-19,10700.0,1.0
17.16,401.5521632726027,335.5489047736518,378.2429876095477,360.5789239600167,357.4935025488881,374.99195052153647,362.9136347455969,0.0246,0.105,0.0295,132.0,0.291,0.0919,0.2344,0.785,6920.0,4300.0,708.0,15500.0,3.46e-19,10700.0,1.0
17.28,403.08508032382355,336.540909492523,379.6462646773251,361.8063527868872,358.69555726302144,376.31500686032985,364.1541913994901,0.0246,0.105,0.0295,132.0,0.291,0.0919,0.2344,0.785,6920.0,4300.0,708.0,15500.0,3.46e-19,10700.0,1.0
17.4,404.62189366800317,337.5358468568657,381.05421519135655,363.03763467701515,359.9014322570854,377.6417248499038,365.39850721028034,0.0246,0.105,0.0295,132.0,0.291,0.0919,0.2344,0.785,6920.0,4300.0,708.0,15500.0,3.46e-19,10700.0,1.0
17.52,406.1626082513995,338.5337255065161,382.46685089114584,364.2727796924046,361.11113818218945,378.97211183969415,366.646591030636,0.0246,0.105,0.0295,132.0,0.291,0.0919,0.2344,0.785,6920.0,4300.0,708.0,15500.0,3.46e-19,10700.0,1.0
17.64,407.7072290203374,339.53455410424897,383.8841835228081,365.51179790989465,362.3246857092299,380.30617518798124,367.8984517231166,0.0246,0.105,0.0295,132.0,0.291,0.0919,0.2344,0.785,6920.0,4300.0,708.0,15500.0,3.46e-19,10700.0,1.0
17.759999999999998,409.2557609212088,340.5383413357779,385.30622483906996,366.7546994211596,363.54208552889014,381.64392226189045,369.1540981601725,0.0246,0.105,0.0295,132.0,0.291,0.0919,0.2344,0.785,6920.0,4300.0,708.0,15500.0,3.46e-19,10700.0,1.0
17.88,410.80820890047244,341.5450959097554,386.73298659926974,368.00149433270883,364.7633483516406,382.98536043739193,370.4135392241456,0.0246,0.105,0.0295,132.0,0.291,0.0919,0.2344,0.785,6920.0,4300.0,708.0,15500.0,3.46e-19,10700.0,1.0
18.0,412.36457787600284,342.5548281335468,388.1644765155261,369.25219197993846,365.9884845833452,384.3304972329454,371.67678327296426,0.0246,0.105,0.0295,132.0,0.291,0.0919,0.2344,0.785,6920.0,4300.0,708.0,15500.0,3.46e-19,10700.0,1.0
18.12,413.92487281264323,343.56754575795054,389.6007089425959,370.5068029996588,367.2175051806794,385.67933995708194,372.94383954909165,0.0246,0.105,0.0295,132.0,0.291,0.0919,0.2344,0.785,6920.0,4300.0,708.0,15500.0,3.46e-19,10700.0,1.0
18.24,415.4890986598844,344.58325740473015,391.04169606021827,371.76533762054567,368.4504209455282,387.03189599910047,374.21471701733816,0.0246,0.105,0.0295,132.0,0.291,0.0919,0.2344,0.785,6920.0,4300.0,708.0,15500.0,3.46e-19,10700.0,1.0
18.36,417.0572603637844,345.6019719110899,392.4874495595143,373.0278059900959,369.68724265993507,388.3881727734712,375.4894245871329,0.0246,0.105,0.0295,132.0,0.291,0.0919,0.2344,0.785,6920.0,4300.0,708.0,15500.0,3.46e-19,10700.0,1.0
18.48,418.6293628704439,346.62369813848926,393.93798113482904,374.2942182699845,370.9279811254591,389.74817770362074,376.7679711773496,0.0246,0.105,0.0295,132.0,0.291,0.0919,0.2344,0.785,6920.0,4300.0,708.0,15500.0,3.46e-19,10700.0,1.0
18.599999999999998,420.205411126007,347.6484449726435,395.3933024837315,375.56458463606515,372.17264716317527,391.11191822193234,378.0503657163065,0.0246,0.105,0.0295,132.0,0.291,0.0919,0.2344,0.785,6920.0,4300.0,708.0,15500.0,3.46e-19,10700.0,1.0
18.72,421.7854100766606,348.6762213235234,396.8534253070147,376.83891527836965,373.42125161367477,392.47940176974555,379.3366171417667,0.0246,0.105,0.0295,132.0,0.291,0.0919,0.2344,0.785,6920.0,4300.0,708.0,15500.0,3.46e-19,10700.0,1.0
18.84,423.3693646686348,349.7070361253551,398.31836130869556,378.1172204011081,374.6738053370644,393.8506357973566,380.62673440093755,0.0246,0.105,0.0295,132.0,0.291,0.0919,0.2344,0.785,6920.0,4300.0,708.0,15500.0,3.46e-19,10700.0,1.0
18.96,424.9572798482027,350.74089833662043,399.7881221960152,379.3995102226692,375.93031921296705,395.22562776401804,381.9207264504712,0.0246,0.105,0.0295,132.0,0.291,0.0919,0.2344,0.785,6920.0,4300.0,708.0,15500.0,3.46e-19,10700.0,1.0
19.08,426.54916056168037,351.77781694005665,401.2627196794384,380.68579497561984,377.1908041405214,396.60438513793895,383.21860225646435,0.0246,0.105,0.0295,132.0,0.291,0.0919,0.2344,0.785,6920.0,4300.0,708.0,15500.0,3.46e-19,10700.0,1.0
19.2,428.1450117554273,352.8178009426566,402.7421654726543,381.9760849067053,378.4552710383822,397.986915396285,384.5203707944584,0.0246,0.105,0.0295,132.0,0.291,0.0919,0.2344,0.785,6920.0,4300.0,708.0,15500.0,3.46e-19,10700.0,1.0
19.32,429.7448383758455,353.86085937566867,404.2264712925756,383.2703902768492,379.72373084471997,399.3732260251782,385.82604104943914,0.0246,0.105,0.0295,132.0,0.291,0.0919,0.2344,0.785,6920.0,4300.0,708.0,15500.0,3.46e-19,10700.0,1.0
19.439999999999998,431.3486453693805,354.9070012945967,405.7156488593392,384.56872136115345,380.9961945172212,400.7633245196972,387.13562201583704,0.0246,0.105,0.0295,132.0,0.291,0.0919,0.2344,0.785,6920.0,4300.0,708.0,15500.0,3.46e-19,10700.0,1.0
19.56,432.95643768252074,355.9562357792001,407.2097098963061,385.8710884488986,382.2726730330885,402.157218383877,388.44912269752734,0.0246,0.105,0.0295,132.0,0.291,0.0919,0.2344,0.785,6920.0,4300.0,708.0,15500.0,3.46e-19,10700.0,1.0
19.68,434.56822026179753,357.0085719334938,408.70866613006103,387.1775018435432,383.55317738904006,403.5549151307092,389.76655210782957,0.0246,0.105,0.0295,132.0,0.291,0.0919,0.2344,0.785,6920.0,4300.0,708.0,15500.0,3.46e-19,10700.0,1.0
19.8,436.18399805378556,358.0640188857482,410.2125292904129,388.4879718627244,384.83771860131014,404.9564222821419,391.0879192695081,0.0246,0.105,0.0295,132.0,0.291,0.0919,0.2344,0.785,6920.0,4300.0,708.0,15500.0,3.46e-19,10700.0,1.0
19.919999999999998,437.80377600510224,359.12258578848946,411.72131111039437,389.80250883825755,386.1263077056489,406.36174736907935,392.41323321477176,0.0246,0.105,0.0295,132.0,0.291,0.0919,0.2344,0.785,6920.0,4300.0,708.0,15500.0,3.46e-19,10700.0,1.0
20.04,439.42755901935817,360.1842836539471,413.2350191796601,391.12112245523815,387.41895554306814,407.77089817258116,393.74250261471303,0.0246,0.105,0.0295,132.0,0.291,0.0919,0.2344,0.785,6920.0,4300.0,708.0,15500.0,3.46e-19,10700.0,1.0
20.16,441.05535206792507,361.2491206314333,414.75366761372345,392.4438234525377,388.7156733111191,409.18388210325634,395.075736732764,0.0246,0.105,0.0295,132.0,0.291,0.0919,0.2344,0.785,6920.0,4300.0,708.0,15500.0,3.46e-19,10700.0,1.0
20.279999999999998,442.6871601039735,362.31710567235984,416.2772687740344,393.7706223031243,390.0164721360701,410.60070668288785,396.4129446847616,0.0246,0.105,0.0295,132.0,0.291,0.0919,0.2344,0.785,6920.0,4300.0,708.0,15500.0,3.46e-19,10700.0,1.0
20.4,444.32298807323417,363.3882480714334,417.8058343045005,395.10152937926637,391.3213631264637,412.0213794841406,397.75413553157597,0.0246,0.105,0.0295,132.0,0.291,0.0919,0.2344,0.785,6920.0,4300.0,708.0,15500.0,3.46e-19,10700.0,1.0
20.52,445.96284092144276,364.46255714923467,419.3393758485968,396.43655506682785,392.6303574101693,413.44590808884857,399.099318343195,0.0246,0.105,0.0295,132.0,0.291,0.0919,0.2344,0.785,6920.0,4300.0,708.0,15500.0,3.46e-19,10700.0,1.0
20.64,447.60672359434017,365.54004225221826,420.877905049366,397.7757097652683,393.9434661343833,414.8743000880149,400.44850219872467,0.0246,0.105,0.0295,132.0,0.291,0.0919,0.2344,0.785,6920.0,4300.0,708.0,15500.0,3.46e-19,10700.0,1.0
20.759999999999998,449.25464103767223,366.62071275271273,422.4214335494184,399.1190038876428,395.26070046562904,416.3065630818118,401.8016961863884,0.0246,0.105,0.0295,132.0,0.291,0.0919,0.2344,0.785,6920.0,4300.0,708.0,15500.0,3.46e-19,10700.0,1.0
20.88,450.9065981971901,367.7045780489208,423.9699729909321,400.46644786060233,396.582071589757,417.7427046795809,403.158909403528,0.0246,0.105,0.0295,132.0,0.291,0.0919,0.2344,0.785,6920.0,4300.0,708.0,15500.0,3.46e-19,10700.0,1.0
21.0,452.56260001864973,368.7916475649189,425.52353501565256,401.81805212439303,397.9075907119446,419.1827324998329,404.5201509566027,0.0246,0.105,0.0295,132.0,0.291,0.0919,0.2344,0.785,6920.0,4300.0,708.0,15500.0,3.46e-19,10700.0,1.0
21.119999999999997,454.2226514478125,369.88193075065766,427.08213126489284,403.17382713285696,399.23726905669605,420.62665417024755,405.88542996118974,0.0246,0.105,0.0295,132.0,0.291,0.0919,0.2344,0.785,6920.0,4300.0,708.0,15500.0,3.46e-19,10700.0,1.0
21.24,455.8867574304447,370.97543708196156,428.645773379534,404.53378335343166,400.57111786784293,422.07447732767383,407.2547555419841,0.0246,0.105,0.0295,132.0,0.291,0.0919,0.2344,0.785,6920.0,4300.0,708.0,15500.0,3.46e-19,10700.0,1.0
21.36,457.5549229123177,372.07217606052916,430.2144730000242,405.8979312671503,401.90914840854356,423.52620961813,408.62813683279876,0.0246,0.105,0.0295,132.0,0.291,0.0919,0.2344,0.785,6920.0,4300.0,708.0,15500.0,3.46e-19,10700.0,1.0
21.48,459.2271528392081,373.17215721393285,431.7882417663796,407.2662813686415,403.2513719612832,424.9818586968034,410.0055829765645,0.0246,0.105,0.0295,132.0,0.291,0.0919,0.2344,0.785,6920.0,4300.0,708.0,15500.0,3.46e-19,10700.0,1.0
21.599999999999998,460.90345215689734,374.2753900956191,433.3670913181837,408.63884416612956,404.5977998278743,426.4414322280504,411.38710312532976,0.0246,0.105,0.0295,132.0,0.291,0.0919,0.2344,0.785,6920.0,4300.0,708.0,15500.0,3.46e-19,10700.0,1.0
21.72,462.5838258111724,375.38188428490844,434.95103329458794,410.0156301814346,405.94844332945627,427.90493788539686,412.7727064402611,0.0246,0.105,0.0295,132.0,0.291,0.0919,0.2344,0.785,6920.0,4300.0,708.0,15500.0,3.46e-19,10700.0,1.0
21.84,464.268278747825,376.49164938699516,436.5400793343111,411.39664994997196,407.30331380649534,429.37238335153756,414.1624020916428,0.0246,0.105,0.0295,132.0,0.291,0.0919,0.2344,0.785,6920.0,4300.0,708.0,15500.0,3.46e-19,10700.0,1.0
21.96,465.9568159126519,377.60469503294775,438.1342410756396,412.78191402075277,408.6624226187849,430.8437763183366,415.5561992588769,0.0246,0.105,0.0295,132.0,0.291,0.0919,0.2344,0.785,6920.0,4300.0,708.0,15500.0,3.46e-19,10700.0,1.0
22.08,467.6494422355617,378.7210324909333,439.7335255232141,414.1714320058171,410.0257805254412,432.31912464208585,416.95410664434144,0.0246,0.105,0.0295,132.0,0.291,0.0919,0.2344,0.785,6920.0,4300.0,708.0,15500.0,3.46e-19,10700.0,1.0
22.2,469.34616267034374,379.8406706345478,441.3379466414384,415.5652149587793,411.393399236302,433.79843595501075,418.3561336898338,0.0246,0.105,0.0295,132.0,0.291,0.0919,0.2344,0.785,6920.0,4300.0,708.0,15500.0,3.46e-19,10700.0,1.0
22.32,471.0469821660682,380.96361884221966,442.9475170169978,416.9632736642801,412.7652902962274,435.28171794465857,419.76228970175697,0.0246,0.105,0.0295,132.0,0.291,0.0919,0.2344,0.785,6920.0,4300.0,708.0,15500.0,3.46e-19,10700.0,1.0
22.439999999999998,472.75190566813916,382.0898868903879,444.56224816603446,418.3656187010084,414.1414651262051,436.76897834360494,421.1725838833499,0.0246,0.105,0.0295,132.0,0.291,0.0919,0.2344,0.785,6920.0,4300.0,708.0,15500.0,3.46e-19,10700.0,1.0
22.56,474.46093812195124,383.21948458286874,446.18215159993645,419.77226066036184,415.52193516597157,438.2602248937398,422.5870254465159,0.0246,0.105,0.0295,132.0,0.291,0.0919,0.2344,0.785,6920.0,4300.0,708.0,15500.0,3.46e-19,10700.0,1.0
22.68,476.17408447288926,384.35242175085534,447.807238825337,421.18321014644687,416.90671187401176,439.75546534626693,424.0056236118226,0.0246,0.105,0.0295,132.0,0.291,0.0919,0.2344,0.785,6920.0,4300.0,708.0,15500.0,3.46e-19,10700.0,1.0
22.8,477.89134966632815,385.48870825291795,449.4375213441147,422.5984777760788,418.29580672755924,441.2547074617041,425.42838760850196,0.0246,0.105,0.0295,132.0,0.291,0.0919,0.2344,0.785,6920.0,4300.0,708.0,15500.0,3.46e-19,10700.0,1.0
22.919999999999998,479.6127386476333,386.6283539750036,451.07301065339396,424.0180741787819,419.6892312225962,442.7579590098831,426.8553266744503,0.0246,0.105,0.0295,132.0,0.291,0.0919,0.2344,0.785,6920.0,4300.0,708.0,15500.0,3.46e-19,10700.0,1.0
23.04,481.3382563621604,387.77136883043676,452.7137182455444,425.4420099967891,421.08699687385365,444.2652277699499,428.2864500562283,0.0246,0.105,0.0295,132.0,0.291,0.0919,0.2344,0.785,6920.0,4300.0,708.0,15500.0,3.46e-19,10700.0,1.0
23.16,483.0679077552552,388.91776275991856,454.35965560818124,426.87029588504237,422.4891152148109,445.7765215303642,429.72176700906095,0.0246,0.105,0.0295,132.0,0.291,0.0919,0.2344,0.785,6920.0,4300.0,708.0,15500.0,3.46e-19,10700.0,1.0
23.279999999999998,484.8016977722538,390.06754573152733,456.01083422416514,428.3029425111923,423.89559779769604,447.2918480888998,431.16128679683766,0.0246,0.105,0.0295,132.0,0.291,0.0919,0.2344,0.785,6920.0,4300.0,708.0,15500.0,3.46e-19,10700.0,1.0
23.4,486.53963135848284,391.2207277407185,457.6672655716022,429.73996055559866,425.3064561934859,448.8112152526447,432.605018692112,0.0246,0.105,0.0295,132.0,0.291,0.0919,0.2344,0.785,6920.0,4300.0,708.0,15500.0,3.46e-19,10700.0,1.0
23.52,488.2817134592588,392.3773188103242,459.328961123844,431.1813607113297,426.7217019919056,450.3346308380006,434.0529719761022,0.0246,0.105,0.0295,132.0,0.291,0.0919,0.2344,0.785,6920.0,4300.0,708.0,15500.0,3.46e-19,10700.0,1.0
23.64,490.0279490198888,393.53732899055393,460.9959323494877,432.6271536841628,428.14134680142917,451.8621026706834,435.50515593869045,0.0246,0.105,0.0295,132.0,0.291,0.0919,0.2344,0.785,6920.0,4300.0,708.0,15500.0,3.46e-19,10700.0,1.0
23.759999999999998,491.7783429856699,394.700768358994,462.66819071237575,434.077350192584,429.56540224927903,453.3936385857229,436.96157987842355,0.0246,0.105,0.0295,132.0,0.291,0.0919,0.2344,0.785,6920.0,4300.0,708.0,15500.0,3.46e-19,10700.0,1.0
23.88,493.53290030188975,395.86764702060793,464.34574767159626,435.5319609677883,430.9938799814266,454.929246427463,438.42225310251257,0.0246,0.105,0.0295,132.0,0.291,0.0919,0.2344,0.785,6920.0,4300.0,708.0,15500.0,3.46e-19,10700.0,1.0
24.0,495.29162591382607,397.0379751077362,466.0286146814827,436.99099675367944,432.42679166259137,456.4689340495616,439.8871849268329,0.0246,0.105,0.0295,132.0,0.291,0.0919,0.2344,0.785,6920.0,4300.0,708.0,15500.0,3.46e-19,10700.0,1.0
24.119999999999997,497.05452477230114,398.2117649195033,467.7167954225421,438.4544664357829,433.8641473935879,458.0127094217969,441.3563837870661,0.0246,0.105,0.0295,132.0,0.291,0.0919,0.2344,0.785,6920.0,4300.0,708.0,15500.0,3.46e-19,10700.0,1.0
24.24,498.82160182015343,399.3890257109319,469.4103047243378,439.9223815985937,435.3059595661456,459.56058036992266,442.8298594036636,0.0246,0.105,0.0295,132.0,0.291,0.0919,0.2344,0.785,6920.0,4300.0,708.0,15500.0,3.46e-19,10700.0,1.0
24.36,500.59286200111734,400.56976711323915,471.1091561449769,441.3947535342459,436.75224033269967,461.11255474642076,444.3076213608182,0.0246,0.105,0.0295,132.0,0.291,0.0919,0.2344,0.785,6920.0,4300.0,708.0,15500.0,3.46e-19,10700.0,1.0
24.48,502.3683102605582,401.75399941698083,472.81336094289895,442.8715929948803,438.20300139693273,462.6686404446366,445.7896789888263,0.0246,0.105,0.0295,132.0,0.291,0.0919,0.2344,0.785,6920.0,4300.0,708.0,15500.0,3.46e-19,10700.0,1.0
24.599999999999998,504.1479515438341,402.9417329410568,474.5229303682767,444.35291074450066,439.65825448056034,464.22884536727804,447.27604162624687,0.0246,0.105,0.0295,132.0,0.291,0.0919,0.2344,0.785,6920.0,4300.0,708.0,15500.0,3.46e-19,10700.0,1.0
24.72,505.9317907962958,404.1329780326612,476.23787566319805,445.8387175590175,441.11801132336836,465.7931774264127,448.76671861992213,0.0246,0.105,0.0295,132.0,0.291,0.0919,0.2344,0.785,6920.0,4300.0,708.0,15500.0,3.46e-19,10700.0,1.0
24.84,507.7198329632866,405.3277450672324,477.95820806184645,447.3290242262915,442.58228368324944,467.3616445434654,450.26171932499835,0.0246,0.105,0.0295,132.0,0.291,0.0919,0.2344,0.785,6920.0,4300.0,708.0,15500.0,3.46e-19,10700.0,1.0
24.96,509.5120829901421,406.52604444840335,479.6839387906824,448.8238415461775,444.05108333624037,468.9342546492159,451.7610531049464,0.0246,0.105,0.0295,132.0,0.291,0.0919,0.2344,0.785,6920.0,4300.0,708.0,15500.0,3.46e-19,10700.0,1.0
25.08,511.3085458221903,407.7278866079514,481.41507906862483,450.32318033056765,445.52442207655855,470.51101568379624,453.2647293315829,0.0246,0.105,0.0295,132.0,0.291,0.0919,0.2344,0.785,6920.0,4300.0,708.0,15500.0,3.46e-19,10700.0,1.0
25.2,513.1092264047512,408.9332820057489,483.1516401072321,451.82705140343563,447.00231171663927,472.09193559668824,454.77275738509024,0.0246,0.105,0.0295,132.0,0.291,0.0919,0.2344,0.785,6920.0,4300.0,708.0,15500.0,3.46e-19,10700.0,1.0
25.32,514.914129683137,410.14224112971243,484.89363311088323,453.33546560087973,448.48476408717244,473.6770223467212,456.2851466540381,0.0246,0.105,0.0295,132.0,0.291,0.0919,0.2344,0.785,6920.0,4300.0,708.0,15500.0,3.46e-19,10700.0,1.0
25.439999999999998,516.7232606026515,411.3547744957539,486.6410692769589,454.84843377116687,449.9717910371395,475.266283902069,457.8019065354036,0.0246,0.105,0.0295,132.0,0.291,0.0919,0.2344,0.785,6920.0,4300.0,708.0,15500.0,3.46e-19,10700.0,1.0
25.56,518.5366241085906,412.5708926477299,488.39395979602324,456.36596677477604,451.4634044338504,476.8597282402482,459.32304643459236,0.0246,0.105,0.0295,132.0,0.291,0.0919,0.2344,0.785,6920.0,4300.0,708.0,15500.0,3.46e-19,10700.0,1.0
25.68,520.3542251462413,413.7906061573923,490.15231585200416,457.8880754844421,452.9596161629805,478.45736334811505,460.848575765459,0.0246,0.105,0.0295,132.0,0.291,0.0919,0.2344,0.785,6920.0,4300.0,708.0,15500.0,3.46e-19,10700.0,1.0
25.8,522.1760686608827,415.01392562433796,491.91614862237543,459.4147707851992,454.4604381286074,480.0591972218632,462.378503950328,0.0246,0.105,0.0295,132.0,0.291,0.0919,0.2344,0.785,6920.0,4300.0,708.0,15500.0,3.46e-19,10700.0,1.0
25.919999999999998,524.0021595977847,416.24086167595897,493.685469278337,460.94606357442456,455.96588225324786,481.66523786702106,463.9128404200145,0.0246,0.105,0.0295,132.0,0.291,0.0919,0.2344,0.785,6920.0,4300.0,708.0,15500.0,3.46e-19,10700.0,1.0
26.04,525.832502902209,417.47142496739315,495.46028898499713,462.48196476188224,457.4759604778949,483.2754932984498,465.451594613845,0.0246,0.105,0.0295,132.0,0.291,0.0919,0.2344,0.785,6920.0,4300.0,708.0,15500.0,3.46e-19,10700.0,1.0
26.16,527.6671035194078,418.70562618147346,497.2406189015528,464.0224852697665,458.99068476205457,484.8899715403401,466.99477597967774,0.0246,0.105,0.0295,132.0,0.291,0.0919,0.2344,0.785,6920.0,4300.0,708.0,15500.0,3.46e-19,10700.0,1.0
26.279999999999998,529.5059663946246,419.9434760286785,499.0264701814711,465.5676360327455,460.51006708378264,486.5086806262102,468.542393973924,0.0246,0.105,0.0295,132.0,0.291,0.0919,0.2344,0.785,6920.0,4300.0,708.0,15500.0,3.46e-19,10700.0,1.0
26.4,531.3490964730938,421.18498524708275,500.81785397267095,467.1174279980052,462.034119439722,488.1316285989034,470.09445806156845,0.0246,0.105,0.0295,132.0,0.291,0.0919,0.2344,0.785,6920.0,4300.0,708.0,15500.0,3.46e-19,10700.0,1.0
26.52,533.1964987000405,422.43016460230626,502.61478141770345,468.6718721252927,463.5628538451393,489.7588235105852,471.65097771619,0.0246,0.105,0.0295,132.0,0.291,0.0919,0.2344,0.785,6920.0,4300.0,708.0,15500.0,3.46e-19,10700.0,1.0
26.64,535.04817802068,423.6790248874651,504.4172636539337,470.23097938695986,465.09628233396154,491.3902734227412,473.21196241998257,0.0246,0.105,0.0295,132.0,0.291,0.0919,0.2344,0.785,6920.0,4300.0,708.0,15500.0,3.46e-19,10700.0,1.0
26.759999999999998,536.9041393802185,424.93157692312127,506.2253118137217,471.79476076800734,466.63441695881363,493.02598640617424,474.7774216637755,0.0246,0.105,0.0295,132.0,0.291,0.0919,0.2344,0.785,6920.0,4300.0,708.0,15500.0,3.46e-19,10700.0,1.0
26.88,538.7643877238523,426.18783155723304,508.0389370246038,473.36322726612775,468.17726979105504,494.6659705410025,476.347364947055,0.0246,0.105,0.0295,132.0,0.291,0.0919,0.2344,0.785,6920.0,4300.0,708.0,15500.0,3.46e-19,10700.0,1.0
27.0,540.6289279967681,427.44779966510464,509.8581504094735,474.93638989174957,469.7248529208163,496.3102339166562,477.921801777984,0.0246,0.105,0.0295,132.0,0.291,0.0919,0.2344,0.785,6920.0,4300.0,708.0,15500.0,3.46e-19,10700.0,1.0
27.119999999999997,542.4977651441422,428.7114921493368,511.6829630867631,476.5142596680806,471.2771784570366,497.95878463187586,479.5007416734236,0.0246,0.105,0.0295,132.0,0.291,0.0919,0.2344,0.785,6920.0,4300.0,708.0,15500.0,3.46e-19,10700.0,1.0
27.24,544.3709041111415,429.97891993977663,513.5133861706245,478.09684763115206,472.8342585275002,499.6116307947093,481.0841941589533,0.0246,0.105,0.0295,132.0,0.291,0.0919,0.2344,0.785,6920.0,4300.0,708.0,15500.0,3.46e-19,10700.0,1.0
27.36,546.2483498429222,431.25009399346766,515.3494307711106,479.6841648298615,474.39610527887356,501.2687805225094,482.6721687688921,0.0246,0.105,0.0295,132.0,0.291,0.0919,0.2344,0.785,6920.0,4300.0,708.0,15500.0,3.46e-19,10700.0,1.0
27.48,548.130107291709,432.52502783729966,517.1910981999631,481.27621992325703,475.9627286548116,502.9302420540827,484.26467399388923,0.0246,0.105,0.0295,132.0,0.291,0.0919,0.2344,0.785,6920.0,4300.0,708.0,15500.0,3.46e-19,10700.0,1.0
27.599999999999998,550.016181412909,433.80373617206953,519.0383853477108,482.87302049964615,477.5341376157879,504.59602368811824,485.86171785870727,0.0246,0.105,0.0295,132.0,0.291,0.0919,0.2344,0.785,6920.0,4300.0,708.0,15500.0,3.46e-19,10700.0,1.0
27.72,551.906577137943,435.08622511355645,520.891322274713,484.4745822984261,479.11034866689727,506.26613335274925,487.46331196146514,0.0246,0.105,0.0295,132.0,0.291,0.0919,0.2344,0.785,6920.0,4300.0,708.0,15500.0,3.46e-19,10700.0,1.0
27.84,553.8012994121927,436.37250582317563,522.7499197063244,486.08091632960156,480.69137394674055,507.94057920676164,489.06946583187676,0.0246,0.105,0.0295,132.0,0.291,0.0919,0.2344,0.785,6920.0,4300.0,708.0,15500.0,3.46e-19,10700.0,1.0
27.959999999999997,555.7003531810386,437.66258949272446,524.6141883514739,487.6920336130157,482.27722560998365,509.6193694183853,490.6801890070773,0.0246,0.105,0.0295,132.0,0.291,0.0919,0.2344,0.785,6920.0,4300.0,708.0,15500.0,3.46e-19,10700.0,1.0
28.08,557.60374338986,438.95648734437106,526.4841389026992,489.3079451783582,483.8679158273609,511.30251216529365,492.2954910316278,0.0246,0.105,0.0295,132.0,0.291,0.0919,0.2344,0.785,6920.0,4300.0,708.0,15500.0,3.46e-19,10700.0,1.0
28.2,559.5114749840346,440.25421063064226,528.359782036181,490.92866206517243,485.46345678567826,512.9900156346023,493.91538145752065,0.0246,0.105,0.0295,132.0,0.291,0.0919,0.2344,0.785,6920.0,4300.0,708.0,15500.0,3.46e-19,10700.0,1.0
28.32,561.423552908939,441.555770634412,530.2411284117766,492.55419532286334,487.06386068781757,514.6818880228686,495.5398698441837,0.0246,0.105,0.0295,132.0,0.291,0.0919,0.2344,0.785,6920.0,4300.0,708.0,15500.0,3.46e-19,10700.0,1.0
28.439999999999998,563.3399821099482,442.8611786688895,532.1281886730549,494.18455601070474,488.66913975273945,516.3781375360907,497.16896575848614,0.0246,0.105,0.0295,132.0,0.291,0.0919,0.2344,0.785,6920.0,4300.0,708.0,15500.0,3.46e-19,10700.0,1.0
28.56,565.260767532436,444.1704460776077,534.0209734473304,495.81975519784737,490.27930621548745,518.0787723897067,498.80267877474273,0.0246,0.105,0.0295,132.0,0.291,0.0919,0.2344,0.785,6920.0,4300.0,708.0,15500.0,3.46e-19,10700.0,1.0
28.68,567.1859141217748,445.4835842344113,535.9194933456976,497.4598039633259,491.89437232719126,519.7838008085942,500.441018474719,0.0246,0.105,0.0295,132.0,0.291,0.0919,0.2344,0.785,6920.0,4300.0,708.0,15500.0,3.46e-19,10700.0,1.0
28.799999999999997,569.1154268233352,446.800604543445,537.8237589630645,499.1047133960669,493.5143503550703,521.4932310270685,502.0839944476362,0.0246,0.105,0.0295,132.0,0.291,0.0919,0.2344,0.785,6920.0,4300.0,708.0,15500.0,3.46e-19,10700.0,1.0
28.919999999999998,571.0493105824868,448.121518439142,539.7337808781879,500.7544945948965,495.1392525824375,523.2070712888835,503.7316162901763,0.0246,0.105,0.0295,132.0,0.291,0.0919,0.2344,0.785,6920.0,4300.0,708.0,15500.0,3.46e-19,10700.0,1.0
29.04,572.9875703445974,449.44633738621195,541.6495696537069,502.40915866854766,496.76909130870274,524.9253298472292,505.38389360648677,0.0246,0.105,0.0295,132.0,0.291,0.0919,0.2344,0.785,6920.0,4300.0,708.0,15500.0,3.46e-19,10700.0,1.0
29.16,574.9302110550336,450.77507287962953,543.5711358361773,504.06871673566786,498.4038788493764,526.6480149647316,507.0408360081856,0.0246,0.105,0.0295,132.0,0.291,0.0919,0.2344,0.785,6920.0,4300.0,708.0,15500.0,3.46e-19,10700.0,1.0
29.279999999999998,576.87723765916,452.1077364446224,545.4984899561061,505.73317992482674,500.04362753607285,528.375134913452,508.70245311436616,0.0246,0.105,0.0295,132.0,0.291,0.0919,0.2344,0.785,6920.0,4300.0,708.0,15500.0,3.46e-19,10700.0,1.0
29.4,578.82865510234,453.44433963665955,547.4316425279857,507.4025593745239,501.6883497165145,530.1066979748863,510.3687545516025,0.0246,0.105,0.0295,132.0,0.291,0.0919,0.2344,0.785,6920.0,4300.0,708.0,15500.0,3.46e-19,10700.0,1.0
29.52,580.7844683299353,454.7848940414397,549.3706040503276,509.07686623319614,503.33805775453465,531.8427124399635,512.0397499539537,0.0246,0.105,0.0295,132.0,0.291,0.0919,0.2344,0.785,6920.0,4300.0,708.0,15500.0,3.46e-19,10700.0,1.0
29.64,582.7446822873061,456.1294112748794,551.3153850056973,510.7561116592251,504.9927640300816,533.5831866090456,513.7154489629693,0.0246,0.105,0.0295,132.0,0.291,0.0919,0.2344,0.785,6920.0,4300.0,708.0,15500.0,3.46e-19,10700.0,1.0
29.759999999999998,584.7093019198106,457.4779029831012,553.265995860748,512.440306820945,506.65248093922213,535.3281287919264,515.3958612276938,0.0246,0.105,0.0295,132.0,0.291,0.0919,0.2344,0.785,6920.0,4300.0,708.0,15500.0,3.46e-19,10700.0,1.0
29.88,586.6783321728059,458.83038084242224,555.2224470662558,514.1294628966504,508.3172208941449,537.0775473078311,517.0809964046724,0.0246,0.105,0.0295,132.0,0.291,0.0919,0.2344,0.785,6920.0,4300.0,708.0,15500.0,3.46e-19,10700.0,1.0
30.0,588.651777991647,460.18685655934206,557.1847490571524,515.823591074603,509.9869963231641,538.8314504854148,518.7708641579549,0.0246,0.105,0.0295,132.0,0.291,0.0919,0.2344,0.785,6920.0,4300.0,708.0,15500.0,3.46e-19,10700.0,1.0
30.119999999999997,590.6296443216874,461.5473418705313,559.1529122525608,517.5227025530403,511.66181967072305,540.5898466627625,520.4654741591011,0.0246,0.105,0.0295,132.0,0.291,0.0919,0.2344,0.785,6920.0,4300.0,708.0,15500.0,3.46e-19,10700.0,1.0
30.24,592.6119361082787,462.91184854281954,561.1269470558287,519.2268085401824,513.341703397398,542.3527441873878,522.1648360871864,0.0246,0.105,0.0295,132.0,0.291,0.0919,0.2344,0.785,6920.0,4300.0,708.0,15500.0,3.46e-19,10700.0,1.0
30.36,594.598658296771,464.2803883731839,563.1068638545632,520.9359202542402,515.0266599799012,544.1201514162319,523.8689596288053,0.0246,0.105,0.0295,132.0,0.291,0.0919,0.2344,0.785,6920.0,4300.0,708.0,15500.0,3.46e-19,10700.0,1.0
30.48,596.5898158325124,465.652973188737,565.0926730206647,522.650048923422,516.7167019110849,545.8920767156635,525.5778544780777,0.0246,0.105,0.0295,132.0,0.291,0.0919,0.2344,0.785,6920.0,4300.0,708.0,15500.0,3.46e-19,10700.0,1.0
30.599999999999998,598.5854136608493,467.02961484671556,567.0843849103611,524.3692057859421,518.4118416999447,547.6685284614773,527.2915303366533,0.0246,0.105,0.0295,132.0,0.291,0.0919,0.2344,0.785,6920.0,4300.0,708.0,15500.0,3.46e-19,10700.0,1.0
30.72,600.5854567271264,468.41032523446825,569.0820098642425,526.0934020900283,520.1120918716233,549.4495150388938,529.0099969137162,0.0246,0.105,0.0295,132.0,0.291,0.0919,0.2344,0.785,6920.0,4300.0,708.0,15500.0,3.46e-19,10700.0,1.0
30.84,602.5899499766864,469.7951162694442,571.0855582072951,527.8226490939287,521.8174649674139,551.2350448425575,530.7332639259905,0.0246,0.105,0.0295,132.0,0.291,0.0919,0.2344,0.785,6920.0,4300.0,708.0,15500.0,3.46e-19,10700.0,1.0
30.959999999999997,604.5988983623196,471.1840092863562,573.095004865716,529.556949241766,523.5279645978139,553.0251267131923,532.4613376233544,0.0246,0.105,0.0295,132.0,0.291,0.0919,0.2344,0.785,6920.0,4300.0,708.0,15500.0,3.46e-19,10700.0,1.0
31.08,606.6123068240538,472.5770095698869,575.110385361156,531.2963201033584,525.2436097154862,554.8197687529608,534.1942302148205,0.0246,0.105,0.0295,132.0,0.291,0.0919,0.2344,0.785,6920.0,4300.0,708.0,15500.0,3.46e-19,10700.0,1.0
31.2,608.6301803064181,473.9741281095769,577.1317138096827,533.040773924136,526.964413880589,556.6189793374172,535.9319518165964,0.0246,0.105,0.0295,132.0,0.291,0.0919,0.2344,0.785,6920.0,4300.0,708.0,15500.0,3.46e-19,10700.0,1.0
31.32,610.6525237548417,475.37537706208695,579.1590000259342,534.7903218907118,528.6903895857035,558.422766904429,537.6745121315965,0.0246,0.105,0.0295,132.0,0.291,0.0919,0.2344,0.785,6920.0,4300.0,708.0,15500.0,3.46e-19,10700.0,1.0
31.439999999999998,612.6793421147561,476.78076861865213,581.1922537920308,536.5449751954962,530.421549335259,560.231139901495,539.421920868622,0.0246,0.105,0.0295,132.0,0.291,0.0919,0.2344,0.785,6920.0,4300.0,708.0,15500.0,3.46e-19,10700.0,1.0
31.56,614.7106403315939,478.1903150051434,583.2314848573336,538.3047450366374,532.1579056454673,562.0441067857485,541.174187742339,0.0246,0.105,0.0295,132.0,0.291,0.0919,0.2344,0.785,6920.0,4300.0,708.0,15500.0,3.46e-19,10700.0,1.0
31.68,616.7464233507899,479.6040284821287,585.2767029382037,540.0696426179585,533.8994710442561,563.861676023959,542.9313224732557,0.0246,0.105,0.0295,132.0,0.291,0.0919,0.2344,0.785,6920.0,4300.0,708.0,15500.0,3.46e-19,10700.0,1.0
31.799999999999997,618.7866961177801,481.021921344934,587.3279177177612,541.8396791488974,535.6462580712032,565.6838560925355,544.6933347877011,0.0246,0.105,0.0295,132.0,0.291,0.0919,0.2344,0.785,6920.0,4300.0,708.0,15500.0,3.46e-19,10700.0,1.0
31.919999999999998,620.831463578003,482.44400592370505,589.3851388456443,543.6148658444461,537.3982792774711,567.5106554775288,546.4602344178024,0.0246,0.105,0.0295,132.0,0.291,0.0919,0.2344,0.785,6920.0,4300.0,708.0,15500.0,3.46e-19,10700.0,1.0
32.04,622.8807306768981,483.8702945834683,591.448375937768,545.3952139250886,539.1555472257402,569.3420826746338,548.2320311014632,0.0246,0.105,0.0295,132.0,0.291,0.0919,0.2344,0.785,6920.0,4300.0,708.0,15500.0,3.46e-19,10700.0,1.0
32.16,624.9345023599071,485.3007997241922,593.5176385760832,547.1807346167409,540.9180744901425,571.1781461891928,550.008734582341,0.0246,0.105,0.0295,132.0,0.291,0.0919,0.2344,0.785,6920.0,4300.0,708.0,15500.0,3.46e-19,10700.0,1.0
32.28,626.9927835724741,486.73553378084887,595.5929363083359,548.9714391506891,542.6858736561969,573.0188545361975,551.7903546098258,0.0246,0.105,0.0295,132.0,0.291,0.0919,0.2344,0.785,6920.0,4300.0,708.0,15500.0,3.46e-19,10700.0,1.0
32.4,629.055579260044,488.1745092234746,597.6742786478258,550.7673387635289,544.4589573207418,574.8642162402916,553.5769009390174,0.0246,0.105,0.0295,132.0,0.291,0.0919,0.2344,0.785,6920.0,4300.0,708.0,15500.0,3.46e-19,10700.0,1.0
32.519999999999996,631.1228943680647,489.61773855723214,599.7616750731657,552.5684446971043,546.2373380918699,576.7142398357739,555.3683833307034,0.0246,0.105,0.0295,132.0,0.291,0.0919,0.2344,0.785,6920.0,4300.0,708.0,15500.0,3.46e-19,10700.0,1.0
32.64,633.1947338419858,491.06523432247116,601.8551350280404,554.3747681984468,548.0210285888618,578.5689338666006,557.1648115513375,0.0246,0.105,0.0295,132.0,0.291,0.0919,0.2344,0.785,6920.0,4300.0,708.0,15500.0,3.46e-19,10700.0,1.0
32.76,635.2711026272583,492.5170090947897,603.954667920965,556.1863205197135,549.81004144212,580.4283068863871,558.9661953730168,0.0246,0.105,0.0295,132.0,0.291,0.0919,0.2344,0.785,6920.0,4300.0,708.0,15500.0,3.46e-19,10700.0,1.0
32.879999999999995,637.3520056693361,493.9730754850958,606.0602831250452,558.0031129181275,551.6043892931032,582.2923674584122,560.7725445734606,0.0246,0.105,0.0295,132.0,0.291,0.0919,0.2344,0.785,6920.0,4300.0,708.0,15500.0,3.46e-19,10700.0,1.0
33.0,639.4374479136749,495.4334461396686,608.171989977735,559.8251566559155,553.4040847942599,584.1611241556194,562.5838689359872,0.0246,0.105,0.0295,132.0,0.291,0.0919,0.2344,0.785,6920.0,4300.0,708.0,15500.0,3.46e-19,10700.0,1.0
33.12,641.5274343057321,496.8981337402192,610.2897977805966,561.6524630002473,555.2091406089625,586.0345855606199,564.4001782494927,0.0246,0.105,0.0295,132.0,0.291,0.0919,0.2344,0.785,6920.0,4300.0,708.0,15500.0,3.46e-19,10700.0,1.0
33.24,643.621969790968,498.36715100395264,612.4137157990588,563.4850432231749,557.0195694114411,587.9127602656955,566.2214823084286,0.0246,0.105,0.0295,132.0,0.291,0.0919,0.2344,0.785,6920.0,4300.0,708.0,15500.0,3.46e-19,10700.0,1.0
33.36,645.7210593148444,499.84051068362857,614.5437532621761,565.3229086015712,558.835383886718,589.7956568728002,568.0477909127793,0.0246,0.105,0.0295,132.0,0.291,0.0919,0.2344,0.785,6920.0,4300.0,708.0,15500.0,3.46e-19,10700.0,1.0
33.48,647.8247078228259,501.3182255676231,616.6799193623881,567.1660704170687,560.6565967305411,591.6832839935644,569.879113868041,0.0246,0.105,0.0295,132.0,0.291,0.0919,0.2344,0.785,6920.0,4300.0,708.0,15500.0,3.46e-19,10700.0,1.0
33.6,649.932920260379,502.80030847998955,618.8222232552783,569.0145399559992,562.4832206493182,593.5756502492958,571.7154609851989,0.0246,0.105,0.0295,132.0,0.291,0.0919,0.2344,0.785,6920.0,4300.0,708.0,15500.0,3.46e-19,10700.0,1.0
33.72,652.0457015729726,504.28677228052004,620.9706740593325,570.868328509332,564.3152683600507,595.4727642709829,573.5568420807048,0.0246,0.105,0.0295,132.0,0.291,0.0919,0.2344,0.785,6920.0,4300.0,708.0,15500.0,3.46e-19,10700.0,1.0
33.839999999999996,654.1630567060779,505.7776298648066,623.1252808556985,572.727447372613,566.1527525902679,597.3746346992978,575.4032669764558,0.0246,0.105,0.0295,132.0,0.291,0.0919,0.2344,0.785,6920.0,4300.0,708.0,15500.0,3.46e-19,10700.0,1.0
33.96,656.2849906051687,507.2728941643027,625.2860526879451,574.5919078459043,567.995686077961,599.2812701845982,577.2547454997722,0.0246,0.105,0.0295,132.0,0.291,0.0919,0.2344,0.785,6920.0,4300.0,708.0,15500.0,3.46e-19,10700.0,1.0
34.08,658.4115082157208,508.7725781463842,627.4529985618203,576.461721233722,569.8440815715163,601.1926793869299,579.1112874833743,0.0246,0.105,0.0295,132.0,0.291,0.0919,0.2344,0.785,6920.0,4300.0,708.0,15500.0,3.46e-19,10700.0,1.0
34.199999999999996,660.5426144832127,510.2766948144108,629.6261274450112,578.3368988449758,571.6979518296504,603.1088709760301,580.9729027653616,0.0246,0.105,0.0295,132.0,0.291,0.0919,0.2344,0.785,6920.0,4300.0,708.0,15500.0,3.46e-19,10700.0,1.0
34.32,662.6783143515871,511.7852600514426,631.8054370460128,580.2174491148302,573.5573060440124,605.0298537620896,582.8396003082681,0.0246,0.105,0.0295,132.0,0.291,0.0919,0.2344,0.785,6920.0,4300.0,708.0,15500.0,3.46e-19,10700.0,1.0
34.44,664.8186127656236,513.2982882340733,633.9909311216725,582.1033820439657,575.4221553570117,606.955636494063,584.7113895578282,0.0246,0.105,0.0295,132.0,0.291,0.0919,0.2344,0.785,6920.0,4300.0,708.0,15500.0,3.46e-19,10700.0,1.0
34.56,666.9635146725129,514.8157893227084,636.1826309587819,583.9947121435276,577.292516522274,608.8862277258709,586.5882813443626,0.0246,0.105,0.0295,132.0,0.291,0.0919,0.2344,0.785,6920.0,4300.0,708.0,15500.0,3.46e-19,10700.0,1.0
34.68,669.1130250177047,516.3377765365982,638.3805450888589,585.891450667183,579.1684022494247,610.8216361693203,588.4702855051634,0.0246,0.105,0.0295,132.0,0.291,0.0919,0.2344,0.785,6920.0,4300.0,708.0,15500.0,3.46e-19,10700.0,1.0
34.8,671.2671487466503,517.8642631340537,640.584681993225,587.7936088698838,581.0498252546041,612.7618705460503,590.3574118819334,0.0246,0.105,0.0295,132.0,0.291,0.0919,0.2344,0.785,6920.0,4300.0,708.0,15500.0,3.46e-19,10700.0,1.0
34.92,673.4258908048017,519.3952624125534,642.7950501025807,589.7011980077589,582.9367982603428,614.7069395875359,592.2496703207488,0.0246,0.105,0.0295,132.0,0.291,0.0919,0.2344,0.785,6920.0,4300.0,708.0,15500.0,3.46e-19,10700.0,1.0
35.04,675.5892561376123,520.9307877088522,645.0116577965794,591.6142293380046,584.8293339954367,616.6568520350925,594.1470706720227,0.0246,0.105,0.0295,132.0,0.291,0.0919,0.2344,0.785,6920.0,4300.0,708.0,15500.0,3.46e-19,10700.0,1.0
35.16,677.7572496905366,522.4708523990889,647.2345134034026,593.5327141187779,586.7274451948226,618.6116166398814,596.0496227904688,0.0246,0.105,0.0295,132.0,0.291,0.0919,0.2344,0.785,6920.0,4300.0,708.0,15500.0,3.46e-19,10700.0,1.0
35.28,679.92987640903,524.0154698988945,649.4636251993351,595.4566636090871,588.6311445994534,620.5712421629141,597.957336535065,0.0246,0.105,0.0295,132.0,0.291,0.0919,0.2344,0.785,6920.0,4300.0,708.0,15500.0,3.46e-19,10700.0,1.0
35.4,682.1071412385495,525.5646536634995,651.6990014083384,597.3860890686833,590.5404449561723,622.535737375057,599.8702217690163,0.0246,0.105,0.0295,132.0,0.291,0.0919,0.2344,0.785,6920.0,4300.0,708.0,15500.0,3.46e-19,10700.0,1.0
35.519999999999996,684.2890491245528,527.1184171878429,653.9406502016268,599.3210017579534,592.4553590175899,624.5051110570362,601.7882883597188,0.0246,0.105,0.0295,132.0,0.291,0.0919,0.2344,0.785,6920.0,4300.0,708.0,15500.0,3.46e-19,10700.0,1.0
35.64,686.475605012499,528.6767740066794,656.1885796972416,601.2614129378102,594.3758995419582,626.4793719994424,603.7115461787229,0.0246,0.105,0.0295,132.0,0.291,0.0919,0.2344,0.785,6920.0,4300.0,708.0,15500.0,3.46e-19,10700.0,1.0
35.76,688.6668138478486,530.2397376946874,658.4427979596255,603.207333869585,596.3020792930455,628.4585290027352,605.6400051016963,0.0246,0.105,0.0295,132.0,0.291,0.0919,0.2344,0.785,6920.0,4300.0,708.0,15500.0,3.46e-19,10700.0,1.0
35.879999999999995,690.8626805760628,531.8073218665775,660.7033129991977,605.1587758149194,598.2339110400128,630.4425908772484,607.5736750083884,0.0246,0.105,0.0295,132.0,0.291,0.0919,0.2344,0.785,6920.0,4300.0,708.0,15500.0,3.46e-19,10700.0,1.0
36.0,693.0632101426046,533.3795401772002,662.9701327719291,607.1157500356564,600.1714075572881,632.4315664431948,609.5125657825932,0.0246,0.105,0.0295,132.0,0.291,0.0919,0.2344,0.785,6920.0,4300.0,708.0,15500.0,3.46e-19,10700.0,1.0
36.12,695.2684074929375,534.9564063216532,665.2432651789156,609.0782677937323,602.1145816244422,634.4254645306697,611.4566873121125,0.0246,0.105,0.0295,132.0,0.291,0.0919,0.2344,0.785,6920.0,4300.0,708.0,15500.0,3.46e-19,10700.0,1.0
36.24,697.478277572527,536.5379340353908,667.5227180659547,611.0463403510686,604.0634460260634,636.4242939796573,613.4060494887202,0.0246,0.105,0.0295,132.0,0.291,0.0919,0.2344,0.785,6920.0,4300.0,708.0,15500.0,3.46e-19,10700.0,1.0
36.36,699.692825326839,538.1241370943304,669.8084992231185,613.0199789694634,606.0180135516331,638.4280636400343,615.3606622081243,0.0246,0.105,0.0295,132.0,0.291,0.0919,0.2344,0.785,6920.0,4300.0,708.0,15500.0,3.46e-19,10700.0,1.0
36.48,701.9120557013415,539.7150293149615,672.1006163843297,614.9991949104833,607.978296995401,640.4367823715752,617.320535369932,0.0246,0.105,0.0295,132.0,0.291,0.0919,0.2344,0.785,6920.0,4300.0,708.0,15500.0,3.46e-19,10700.0,1.0
36.6,704.1359736415033,541.3106245544533,674.3990772269359,616.983999435355,609.9443091562607,642.4504590439568,619.2856788776122,0.0246,0.105,0.0295,132.0,0.291,0.0919,0.2344,0.785,6920.0,4300.0,708.0,15500.0,3.46e-19,10700.0,1.0
36.72,706.3645840927942,542.9109367107625,676.7038893712838,618.9744038048569,611.9160628376235,644.4691025367629,621.2561026384589,0.0246,0.105,0.0295,132.0,0.291,0.0919,0.2344,0.785,6920.0,4300.0,708.0,15500.0,3.46e-19,10700.0,1.0
36.839999999999996,708.5978920006859,544.5159797227416,679.0150603802949,620.970419279211,613.8935708472957,646.4927217394892,623.231816563555,0.0246,0.105,0.0295,132.0,0.291,0.0919,0.2344,0.785,6920.0,4300.0,708.0,15500.0,3.46e-19,10700.0,1.0
36.96,710.8359023106509,546.1257675702467,681.3325977590397,622.9720571179744,615.8768459973521,648.5213255515481,625.2128305677356,0.0246,0.105,0.0295,132.0,0.291,0.0919,0.2344,0.785,6920.0,4300.0,708.0,15500.0,3.46e-19,10700.0,1.0
37.08,713.0786199681633,547.7403142742454,683.6565089543121,624.9793285799307,617.8659011040121,650.5549228822728,627.1991545695516,0.0246,0.105,0.0295,132.0,0.291,0.0919,0.2344,0.785,6920.0,4300.0,708.0,15500.0,3.46e-19,10700.0,1.0
37.199999999999996,715.326049918698,549.3596338969251,685.986801354205,626.9922449229823,619.8607489875149,652.593522650923,629.190798491233,0.0246,0.105,0.0295,132.0,0.291,0.0919,0.2344,0.785,6920.0,4300.0,708.0,15500.0,3.46e-19,10700.0,1.0
37.32,717.578197107732,550.9837405418006,688.3234822876843,629.0108174040421,621.8614024719946,654.6371337866892,631.1877722586521,0.0246,0.105,0.0295,132.0,0.291,0.0919,0.2344,0.785,6920.0,4300.0,708.0,15500.0,3.46e-19,10700.0,1.0
37.44,719.8350664807426,552.612648353822,690.666559024164,631.0350572789242,623.8678743853548,656.6857652286968,633.1900858012874,0.0246,0.105,0.0295,132.0,0.291,0.0919,0.2344,0.785,6920.0,4300.0,708.0,15500.0,3.46e-19,10700.0,1.0
37.559999999999995,722.0966629832095,554.2463715194834,693.0160387730807,633.0649758022367,625.8801775591452,658.7394259260121,635.1977490521867,0.0246,0.105,0.0295,132.0,0.291,0.0919,0.2344,0.785,6920.0,4300.0,708.0,15500.0,3.46e-19,10700.0,1.0
37.68,724.3629915605487,555.8849242872238,695.3719285875868,635.100584196482,627.8983247526993,660.7981248379252,637.2107719502042,0.0246,0.105,0.0295,132.0,0.291,0.0919,0.2344,0.785,6920.0,4300.0,708.0,15500.0,3.46e-19,10700.0,1.0
37.8,726.6340571541318,557.5283222193959,697.7342294494579,637.1418917525403,629.9223239810512,662.8618709511684,639.2291645801756,0.0246,0.105,0.0295,132.0,0.291,0.0919,0.2344,0.785,6920.0,4300.0,708.0,15500.0,3.46e-19,10700.0,1.0
37.92,728.9098647129963,559.1765785102369,700.102953665666,639.1889114163504,631.9521922565916,664.9306732292903,641.2529367604701,0.0246,0.105,0.0295,132.0,0.291,0.0919,0.2344,0.785,6920.0,4300.0,708.0,15500.0,3.46e-19,10700.0,1.0
38.04,731.1904191825809,560.8297075277103,702.4781081343195,641.2416544150416,633.9879423711495,667.0045406613605,643.2820984396399,0.0246,0.105,0.0295,132.0,0.291,0.0919,0.2344,0.785,6920.0,4300.0,708.0,15500.0,3.46e-19,10700.0,1.0
38.16,733.4757255083249,562.48772368242,704.8596996887919,643.3001319731504,636.0295871174961,669.0834822464205,645.3166595696865,0.0246,0.105,0.0295,132.0,0.291,0.0919,0.2344,0.785,6920.0,4300.0,708.0,15500.0,3.46e-19,10700.0,1.0
38.28,735.765788635667,564.1506414277281,707.2477350972499,645.3643553124971,638.0771392891849,671.1675069934884,647.3566301060254,0.0246,0.105,0.0295,132.0,0.291,0.0919,0.2344,0.785,6920.0,4300.0,708.0,15500.0,3.46e-19,10700.0,1.0
38.4,738.0606135100452,565.8184752598718,709.6422210621841,647.434335652063,640.1306116803906,673.2566239215628,649.4020200074494,0.0246,0.105,0.0295,132.0,0.291,0.0919,0.2344,0.785,6920.0,4300.0,708.0,15500.0,3.46e-19,10700.0,1.0
38.519999999999996,740.360205076897,567.4912397180813,712.0431642199394,649.5100842078682,642.1900170857506,675.3508420596291,651.4528392360946,0.0246,0.105,0.0295,132.0,0.291,0.0919,0.2344,0.785,6920.0,4300.0,708.0,15500.0,3.46e-19,10700.0,1.0
38.64,742.66456828166,569.1689493846972,714.4505711402447,651.5916121928487,644.2553683002039,677.450170446664,653.5090977574039,0.0246,0.105,0.0295,132.0,0.291,0.0919,0.2344,0.785,6920.0,4300.0,708.0,15500.0,3.46e-19,10700.0,1.0
38.76,744.9737080697705,570.8516188852875,716.8644483257427,653.6789308167336,646.3266781188307,679.5546181316391,655.5708055400918,0.0246,0.105,0.0295,132.0,0.291,0.0919,0.2344,0.785,6920.0,4300.0,708.0,15500.0,3.46e-19,10700.0,1.0
38.879999999999995,747.2876293866647,572.5392628887657,719.2848022115204,655.7720512859223,648.4039593366934,681.6641941735279,657.637972556109,0.0246,0.105,0.0295,132.0,0.291,0.0919,0.2344,0.785,6920.0,4300.0,708.0,15500.0,3.46e-19,10700.0,1.0
39.0,749.6063371777785,574.2318961075077,721.7116391646389,657.8709848033631,650.4872247486758,683.7789076413087,659.7106087806071,0.0246,0.105,0.0295,132.0,0.291,0.0919,0.2344,0.785,6920.0,4300.0,708.0,15500.0,3.46e-19,10700.0,1.0
39.12,751.9298363885467,575.9295332974693,724.1449654836632,659.9757425684279,652.5764871493229,685.8987676139707,661.7887241919021,0.0246,0.105,0.0295,132.0,0.291,0.0919,0.2344,0.785,6920.0,4300.0,708.0,15500.0,3.46e-19,10700.0,1.0
39.24,754.2581319644039,577.6321892583042,726.5847873981929,662.0863357767928,654.6717593326814,688.0237831805184,663.8723287714407,0.0246,0.105,0.0295,132.0,0.291,0.0919,0.2344,0.785,6920.0,4300.0,708.0,15500.0,3.46e-19,10700.0,1.0
39.36,756.5912288507839,579.3398788334803,729.0311110683912,664.2027756203123,656.7730540921392,690.1539634399763,665.9614325037627,0.0246,0.105,0.0295,132.0,0.291,0.0919,0.2344,0.785,6920.0,4300.0,708.0,15500.0,3.46e-19,10700.0,1.0
39.48,758.9291319931199,581.0526169103982,731.483942584516,666.325073286899,658.8803842202652,692.2893175013944,668.0560453764673,0.0246,0.105,0.0295,132.0,0.291,0.0919,0.2344,0.785,6920.0,4300.0,708.0,15500.0,3.46e-19,10700.0,1.0
39.6,761.2718463368445,582.7704184205087,733.9432879664492,668.4532399604001,660.9937625086501,694.4298544838525,670.1561773801767,0.0246,0.105,0.0295,132.0,0.291,0.0919,0.2344,0.785,6920.0,4300.0,708.0,15500.0,3.46e-19,10700.0,1.0
39.72,763.6193768273897,584.4932983394289,736.4091531632272,670.5872868204737,663.1132017477447,696.575583516465,672.2618385085004,0.0246,0.105,0.0295,132.0,0.291,0.0919,0.2344,0.785,6920.0,4300.0,708.0,15500.0,3.46e-19,10700.0,1.0
39.839999999999996,765.9717284101868,586.2212716870611,738.8815440525705,672.7272250424679,665.2387147267015,698.7265137383862,674.3730387580007,0.0246,0.105,0.0295,132.0,0.291,0.0919,0.2344,0.785,6920.0,4300.0,708.0,15500.0,3.46e-19,10700.0,1.0
39.96,768.3289060306661,587.9543535277096,741.3604664404141,674.8730657972972,667.3703142332139,700.882654298815,676.4897881281562,0.0246,0.105,0.0295,132.0,0.291,0.0919,0.2344,0.785,6920.0,4300.0,708.0,15500.0,3.46e-19,10700.0,1.0
40.08,770.6909146342575,589.6925589701981,743.8459260604371,677.0248202513195,669.5080130533555,703.0440143569996,678.6120966213265,0.0246,0.105,0.0295,132.0,0.291,0.0919,0.2344,0.785,6920.0,4300.0,708.0,15500.0,3.46e-19,10700.0,1.0
40.199999999999996,773.05775916639,591.4359031679872,746.3379285735932,679.1824995662141,671.6518239714213,705.2106030822424,680.7399742427174,0.0246,0.105,0.0295,132.0,0.291,0.0919,0.2344,0.785,6920.0,4300.0,708.0,15500.0,3.46e-19,10700.0,1.0
40.32,775.4294445724922,593.1844013192922,748.8364795676406,681.3461148988591,673.8017597697669,707.3824296539055,682.8734310003448,0.0246,0.105,0.0295,132.0,0.291,0.0919,0.2344,0.785,6920.0,4300.0,708.0,15500.0,3.46e-19,10700.0,1.0
40.44,777.8059757979911,594.9380686671997,751.3415845566716,683.5156774012077,675.9578332286479,709.5595032614143,685.0124769049987,0.0246,0.105,0.0295,132.0,0.291,0.0919,0.2344,0.785,6920.0,4300.0,708.0,15500.0,3.46e-19,10700.0,1.0
40.559999999999995,780.1873577883135,596.6969204997857,753.8532489806432,685.6911982201666,678.1200571260609,711.7418331042634,687.1571219702093,0.0246,0.105,0.0295,132.0,0.291,0.0919,0.2344,0.785,6920.0,4300.0,708.0,15500.0,3.46e-19,10700.0,1.0
40.68,782.5735954888855,598.4609721502334,756.3714782049072,687.8726884974732,680.288444237583,713.9294283920215,689.3073762122099,0.0246,0.105,0.0295,132.0,0.291,0.0919,0.2344,0.785,6920.0,4300.0,708.0,15500.0,3.46e-19,10700.0,1.0
40.8,784.9646938451318,600.2302389969491,758.8962775197394,690.0601593695721,682.4630073362113,716.122298344335,691.463249649902,0.0246,0.105,0.0295,132.0,0.291,0.0919,0.2344,0.785,6920.0,4300.0,708.0,15500.0,3.46e-19,10700.0,1.0
40.92,787.3606578024767,602.0047364636818,761.4276521398705,692.2536219674937,684.6437591922032,718.3204521909349,693.6247523048203,0.0246,0.105,0.0295,132.0,0.291,0.0919,0.2344,0.785,6920.0,4300.0,708.0,15500.0,3.46e-19,10700.0,1.0
41.04,789.7614923063431,603.7844800196383,763.9656072040153,694.45308741673,686.8307125729164,720.5238991716398,695.791894201096,0.0246,0.105,0.0295,132.0,0.291,0.0919,0.2344,0.785,6920.0,4300.0,708.0,15500.0,3.46e-19,10700.0,1.0
41.16,792.1672023024206,605.569485064965,766.5101487863595,696.658566683952,689.023877987157,722.732648486764,697.9646858364121,0.0246,0.105,0.0295,132.0,0.291,0.0919,0.2344,0.785,6920.0,4300.0,708.0,15500.0,3.46e-19,10700.0,1.0
41.28,794.5777927361089,607.3597671693776,769.0612817906309,698.8700708955515,691.2232683777579,724.9467094003147,700.1431372020342,0.0246,0.105,0.0295,132.0,0.291,0.0919,0.2344,0.785,6920.0,4300.0,708.0,15500.0,3.46e-19,10700.0,1.0
41.4,796.9932685526551,609.1553420135552,771.6190104680015,701.0876112590611,693.4288979660471,727.1660912145896,702.3272580240389,0.0246,0.105,0.0295,132.0,0.291,0.0919,0.2344,0.785,6920.0,4300.0,708.0,15500.0,3.46e-19,10700.0,1.0
41.519999999999996,799.4136346974838,610.9562252474983,774.1833396680005,703.3111988736334,695.6407794625521,729.39080320885,704.517058345703,0.0246,0.105,0.0295,132.0,0.291,0.0919,0.2344,0.785,6920.0,4300.0,708.0,15500.0,3.46e-19,10700.0,1.0
41.64,801.8388961160189,612.7624325671673,776.7542741625498,705.5408448321559,697.858925572411,731.6208546724333,706.7125482130756,0.0246,0.105,0.0295,132.0,0.291,0.0919,0.2344,0.785,6920.0,4300.0,708.0,15500.0,3.46e-19,10700.0,1.0
41.76,804.2690577536831,614.5739797145985,779.331818645506,707.776560221125,700.0833489951834,733.8562549047558,708.9137376749484,0.0246,0.105,0.0295,132.0,0.291,0.0919,0.2344,0.785,6920.0,4300.0,708.0,15500.0,3.46e-19,10700.0,1.0
41.879999999999995,806.7041245558988,616.3908824780214,781.9159777322045,710.0183561205228,702.3140624246635,736.0970132153185,711.1206367828269,0.0246,0.105,0.0295,132.0,0.291,0.0919,0.2344,0.785,6920.0,4300.0,708.0,15500.0,3.46e-19,10700.0,1.0
42.0,809.1441014680873,618.213156691973,784.5067559590017,712.2662436036917,704.5510785486899,738.3431389237105,713.3332555909002,0.0246,0.105,0.0295,132.0,0.291,0.0919,0.2344,0.785,6920.0,4300.0,708.0,15500.0,3.46e-19,10700.0,1.0
42.12,811.5889934356688,620.040818237415,787.1041577828169,714.5202337372102,706.7944100489583,740.5946413596133,715.5516041560118,0.0246,0.105,0.0295,132.0,0.291,0.0919,0.2344,0.785,6920.0,4300.0,708.0,15500.0,3.46e-19,10700.0,1.0
42.239999999999995,814.0388054040629,621.873883041849,789.7081875806765,716.780337580768,709.044069600832,742.8515298628051,717.7756925376298,0.0246,0.105,0.0295,132.0,0.291,0.0919,0.2344,0.785,6920.0,4300.0,708.0,15500.0,3.46e-19,10700.0,1.0
42.36,816.4935423186885,623.7123670794333,792.3188496492563,719.0465661870419,711.3000698731547,745.1138137831654,720.0055307978176,0.0246,0.105,0.0295,132.0,0.291,0.0919,0.2344,0.785,6920.0,4300.0,708.0,15500.0,3.46e-19,10700.0,1.0
42.48,818.9532091249627,625.556286371098,794.9361482044236,721.3189306015703,713.5624235280607,747.3815024806785,722.2411290012038,0.0246,0.105,0.0295,132.0,0.291,0.0919,0.2344,0.785,6920.0,4300.0,708.0,15500.0,3.46e-19,10700.0,1.0
42.6,821.4178107683028,627.405656984662,797.5600873807808,723.5974418626296,715.8311432207871,749.6546053254384,724.4824972149537,0.0246,0.105,0.0295,132.0,0.291,0.0919,0.2344,0.785,6920.0,4300.0,708.0,15500.0,3.46e-19,10700.0,1.0
42.72,823.8873521941243,629.2604950349474,800.1906712312077,725.8821110011087,718.1062415994853,751.9331316976527,726.7296455087383,0.0246,0.105,0.0295,132.0,0.291,0.0919,0.2344,0.785,6920.0,4300.0,708.0,15500.0,3.46e-19,10700.0,1.0
42.839999999999996,826.3618383478422,631.1208166838977,802.8279037264048,728.1729490403852,720.3877313050323,754.217090987647,728.9825839547059,0.0246,0.105,0.0295,132.0,0.291,0.0919,0.2344,0.785,6920.0,4300.0,708.0,15500.0,3.46e-19,10700.0,1.0
42.96,828.8412741748704,632.986638140692,805.4717887544355,730.4699669962005,722.6756249708423,756.5064925958694,731.2413226274523,0.0246,0.105,0.0295,132.0,0.291,0.0919,0.2344,0.785,6920.0,4300.0,708.0,15500.0,3.46e-19,10700.0,1.0
43.08,831.3256646206213,634.8579756618615,808.1223301202687,732.7731758765347,724.969935222678,758.8013459328937,733.5058716039906,0.0246,0.105,0.0295,132.0,0.291,0.0919,0.2344,0.785,6920.0,4300.0,708.0,15500.0,3.46e-19,10700.0,1.0
43.199999999999996,833.8150146305072,636.7348455514058,810.7795315453228,735.0825866814826,727.2706746784629,761.101660419425,735.7762409637226,0.0246,0.105,0.0295,132.0,0.291,0.0919,0.2344,0.785,6920.0,4300.0,708.0,15500.0,3.46e-19,10700.0,1.0
43.32,836.3093291499388,638.6172641609088,813.4433966670072,737.3982104031293,729.5778559480917,763.4074454863032,738.0524407884085,0.0246,0.105,0.0295,132.0,0.291,0.0919,0.2344,0.785,6920.0,4300.0,708.0,15500.0,3.46e-19,10700.0,1.0
43.44,838.8086131243255,640.5052478896541,816.1139290382654,739.7200580254246,731.8914916332423,765.718710574507,740.3344811621375,0.0246,0.105,0.0295,132.0,0.291,0.0919,0.2344,0.785,6920.0,4300.0,708.0,15500.0,3.46e-19,10700.0,1.0
43.559999999999995,841.3128714990761,642.3988131847422,818.7911321271182,742.0481405240595,734.2115943271874,768.0354651351588,742.6223721712987,0.0246,0.105,0.0295,132.0,0.291,0.0919,0.2344,0.785,6920.0,4300.0,708.0,15500.0,3.46e-19,10700.0,1.0
43.68,843.8221092195984,644.297976541205,821.4750093162062,744.3824688663409,736.5381766146064,770.3577186295289,744.916123904551,0.0246,0.105,0.0295,132.0,0.291,0.0919,0.2344,0.785,6920.0,4300.0,708.0,15500.0,3.46e-19,10700.0,1.0
43.8,846.3363312312983,646.2027545021228,824.1655639023322,746.7230540110672,738.8712510713956,772.6854805290387,747.2157464527935,0.0246,0.105,0.0295,132.0,0.291,0.0919,0.2344,0.785,6920.0,4300.0,708.0,15500.0,3.46e-19,10700.0,1.0
43.92,848.8555424795817,648.1131636587405,826.8627990960048,749.0699069084038,741.2108302644814,775.0187603152666,749.5212499091365,0.0246,0.105,0.0295,132.0,0.291,0.0919,0.2344,0.785,6920.0,4300.0,708.0,15500.0,3.46e-19,10700.0,1.0
44.04,851.3797479098521,650.0292206505824,829.5667180209803,751.4230384997584,743.5569267516302,777.3575674799504,751.8326443688712,0.0246,0.105,0.0295,132.0,0.291,0.0919,0.2344,0.785,6920.0,4300.0,708.0,15500.0,3.46e-19,10700.0,1.0
44.16,853.9089524675128,651.9509421655691,832.277323713806,753.782459717656,745.909553081261,779.7019115249934,754.1499399294411,0.0246,0.105,0.0295,132.0,0.291,0.0919,0.2344,0.785,6920.0,4300.0,708.0,15500.0,3.46e-19,10700.0,1.0
44.28,856.4431610979658,653.878344940134,834.9946191233633,756.1481814856157,748.268721792257,782.0518019624674,756.4731466904115,0.0246,0.105,0.0295,132.0,0.291,0.0919,0.2344,0.785,6920.0,4300.0,708.0,15500.0,3.46e-19,10700.0,1.0
44.4,858.9823787466113,655.8114457593375,837.7186071104095,758.5202147180239,750.6344454137757,784.4072483146168,758.80227475344,0.0246,0.105,0.0295,132.0,0.291,0.0919,0.2344,0.785,6920.0,4300.0,708.0,15500.0,3.46e-19,10700.0,1.0
44.519999999999996,861.526610359203,657.7502616169044,840.4492905148828,760.898570199508,753.0067357552516,786.768260109179,761.1373342822617,0.0246,0.105,0.0295,132.0,0.291,0.0919,0.2344,0.785,6920.0,4300.0,708.0,15500.0,3.46e-19,10700.0,1.0
44.64,864.075860883035,659.694810251812,843.1866723827619,763.2832581805633,755.385601525046,789.1348468636687,763.4783357039826,0.0246,0.105,0.0295,132.0,0.291,0.0919,0.2344,0.785,6920.0,4300.0,708.0,15500.0,3.46e-19,10700.0,1.0
44.76,866.6301352616318,661.6451077501421,845.9307549494065,765.6742901845865,757.7710589750666,791.5070181556489,765.8252888090445,0.0246,0.105,0.0295,132.0,0.291,0.0919,0.2344,0.785,6920.0,4300.0,708.0,15500.0,3.46e-19,10700.0,1.0
44.879999999999995,869.1894384404167,663.6011711050044,848.6815407237518,768.0716770788671,760.1631205387546,793.8847835477368,768.1782037118252,0.0246,0.105,0.0295,132.0,0.291,0.0919,0.2344,0.785,6920.0,4300.0,708.0,15500.0,3.46e-19,10700.0,1.0
45.0,871.7537753648126,665.5630173592002,851.4390321245287,770.475429720575,762.5617986367371,796.2681526127294,770.5370905288282,0.0246,0.105,0.0295,132.0,0.291,0.0919,0.2344,0.785,6920.0,4300.0,708.0,15500.0,3.46e-19,10700.0,1.0
45.12,874.3231509802417,667.5306636053468,854.2032314798088,772.8855589566302,764.9671056766022,798.6571349336077,772.9019593786569,0.0246,0.105,0.0295,132.0,0.291,0.0919,0.2344,0.785,6920.0,4300.0,708.0,15500.0,3.46e-19,10700.0,1.0
45.239999999999995,876.8975702321268,669.5041269860016,856.9741410265518,775.3020756235726,767.3790540526743,801.0517401035412,775.2728203819884,0.0246,0.105,0.0295,132.0,0.291,0.0919,0.2344,0.785,6920.0,4300.0,708.0,15500.0,3.46e-19,10700.0,1.0
45.36,879.4770380658899,671.4834246937863,859.7517629101518,777.7249905474306,769.7976561457893,803.4519777258914,777.6496836615464,0.0246,0.105,0.0295,132.0,0.291,0.0919,0.2344,0.785,6920.0,4300.0,708.0,15500.0,3.46e-19,10700.0,1.0
45.48,882.061559426953,673.4685739715111,862.5360991839824,780.1543145435903,772.222924323069,805.8578574142155,780.0325593420749,0.0246,0.105,0.0295,132.0,0.291,0.0919,0.2344,0.785,6920.0,4300.0,708.0,15500.0,3.46e-19,10700.0,1.0
45.6,884.6511392607379,675.4595921122989,865.3271518089447,782.5900584166654,774.6548709376975,808.2693887922715,782.4214575503123,0.0246,0.105,0.0295,132.0,0.291,0.0919,0.2344,0.785,6920.0,4300.0,708.0,15500.0,3.46e-19,10700.0,1.0
45.72,887.245782512666,677.4564964597092,868.1249226530114,785.0322329603653,777.0935083286948,810.6865814940207,784.8163884149636,0.0246,0.105,0.0295,132.0,0.291,0.0919,0.2344,0.785,6920.0,4300.0,708.0,15500.0,3.46e-19,10700.0,1.0
45.839999999999996,889.8454941281587,679.4593044078631,870.9294134907751,787.4808489573654,779.5388488206935,813.1094451636334,787.2173620666755,0.0246,0.105,0.0295,132.0,0.291,0.0919,0.2344,0.785,6920.0,4300.0,708.0,15500.0,3.46e-19,10700.0,1.0
45.96,892.4502790526374,681.4680334015665,873.7406260029937,789.9359171791762,781.9909047237128,815.5379894554915,789.6243886380089,0.0246,0.105,0.0295,132.0,0.291,0.0919,0.2344,0.785,6920.0,4300.0,708.0,15500.0,3.46e-19,10700.0,1.0
46.08,895.0601422315225,683.4827009364346,876.5585617761359,792.3974483860111,784.4496883329339,817.9722240341929,792.0374782634124,0.0246,0.105,0.0295,132.0,0.291,0.0919,0.2344,0.785,6920.0,4300.0,708.0,15500.0,3.46e-19,10700.0,1.0
46.199999999999996,897.675088610235,685.5033245590168,879.3832223019286,794.8654533266578,786.9152119284754,820.412158574556,794.4566410791965,0.0246,0.105,0.0295,132.0,0.291,0.0919,0.2344,0.785,6920.0,4300.0,708.0,15500.0,3.46e-19,10700.0,1.0
46.32,900.2951231341956,687.52992186692,882.214608976903,797.3399427383462,789.3874877751684,822.8578027616234,796.8818872235065,0.0246,0.105,0.0295,132.0,0.291,0.0919,0.2344,0.785,6920.0,4300.0,708.0,15500.0,3.46e-19,10700.0,1.0
46.44,902.9202507488243,689.5625105089325,885.0527231019399,799.8209273466174,791.8665281223311,825.3091662906651,799.313226836296,0.0246,0.105,0.0295,132.0,0.291,0.0919,0.2344,0.785,6920.0,4300.0,708.0,15500.0,3.46e-19,10700.0,1.0
46.559999999999995,905.5504763995411,691.6011081851499,887.8975658818172,802.308417865194,794.3523452035447,827.766258867184,801.7506700593012,0.0246,0.105,0.0295,132.0,0.291,0.0919,0.2344,0.785,6920.0,4300.0,708.0,15500.0,3.46e-19,10700.0,1.0
46.68,908.1858050317664,693.6457326470974,890.7491384247554,804.8024249958485,796.8449512364278,830.229090206919,804.1942270360133,0.0246,0.105,0.0295,132.0,0.291,0.0919,0.2344,0.785,6920.0,4300.0,708.0,15500.0,3.46e-19,10700.0,1.0
46.8,910.8262415909195,695.6964016978545,893.6074417419635,807.3029594282723,799.3443584224121,832.6976700358484,806.6439079116526,0.0246,0.105,0.0295,132.0,0.291,0.0919,0.2344,0.785,6920.0,4300.0,708.0,15500.0,3.46e-19,10700.0,1.0
46.92,913.4717910224201,697.7531331921806,896.4724767471866,809.8100318399462,801.8505789465174,835.172008090196,809.0997228331424,0.0246,0.105,0.0295,132.0,0.291,0.0919,0.2344,0.785,6920.0,4300.0,708.0,15500.0,3.46e-19,10700.0,1.0
47.04,916.1224582716872,699.8159450366365,899.3442442562507,812.323652896008,804.3636249771263,837.652114116432,811.5616819490815,0.0246,0.105,0.0295,132.0,0.291,0.0919,0.2344,0.785,6920.0,4300.0,708.0,15500.0,3.46e-19,10700.0,1.0
47.16,918.77824828414,701.8848551897114,902.2227449866097,814.8438332491228,806.8835086657597,840.1379978712803,814.0297954097188,0.0246,0.105,0.0295,132.0,0.291,0.0919,0.2344,0.785,6920.0,4300.0,708.0,15500.0,3.46e-19,10700.0,1.0
47.28,921.4391660051976,703.9598816619452,905.1079795568918,817.3705835393522,809.4102421468524,842.6296691217202,816.5040733669261,0.0246,0.105,0.0295,132.0,0.291,0.0919,0.2344,0.785,6920.0,4300.0,708.0,15500.0,3.46e-19,10700.0,1.0
47.4,924.1052163802784,706.0410425160532,907.9999484864449,819.9039143940228,811.943837537527,845.1271376449909,818.9845259741719,0.0246,0.105,0.0295,132.0,0.291,0.0919,0.2344,0.785,6920.0,4300.0,708.0,15500.0,3.46e-19,10700.0,1.0
47.519999999999996,926.776404354801,708.1283558670505,910.8986521948837,822.443836427596,814.4843069373701,847.6304132285962,821.4711633864947,0.0246,0.105,0.0295,132.0,0.291,0.0919,0.2344,0.785,6920.0,4300.0,708.0,15500.0,3.46e-19,10700.0,1.0
47.64,929.452734874184,710.2218398823761,913.8040910016359,824.9903602415374,817.0316624282074,850.139505670308,823.9639957604769,0.0246,0.105,0.0295,132.0,0.291,0.0919,0.2344,0.785,6920.0,4300.0,708.0,15500.0,3.46e-19,10700.0,1.0
47.76,932.1342128838448,712.3215127820171,916.7162651254877,827.5434964241852,819.5859160738778,852.65442477817,826.4630332542179,0.0246,0.105,0.0295,132.0,0.291,0.0919,0.2344,0.785,6920.0,4300.0,708.0,15500.0,3.46e-19,10700.0,1.0
47.879999999999995,934.8208433292019,714.4273928386326,919.6351746841309,830.10325555062,822.1470799200099,855.1751803705023,828.9682860273077,0.0246,0.105,0.0295,132.0,0.291,0.0919,0.2344,0.785,6920.0,4300.0,708.0,15500.0,3.46e-19,10700.0,1.0
48.0,937.5126311564392,716.5395000112609,922.5608193919124,832.6696472264963,824.7151616588552,857.7017822956908,831.4797643011705,0.0246,0.105,0.0295,132.0,0.291,0.0919,0.2344,0.785,6920.0,4300.0,708.0,15500.0,3.46e-19,10700.0,1.0
48.12,940.2095813106515,718.6578519909743,925.4931992899491,835.2426824022245,827.290175122802,860.234240384295,833.9974782128986,0.0246,0.105,0.0295,132.0,0.291,0.0919,0.2344,0.785,6920.0,4300.0,708.0,15500.0,3.46e-19,10700.0,1.0
48.239999999999995,942.9116987369816,720.7824666233784,928.4323142981523,837.822371955171,829.8721338560414,862.7725644783923,836.5214379047466,0.0246,0.105,0.0295,132.0,0.291,0.0919,0.2344,0.785,6920.0,4300.0,708.0,15500.0,3.46e-19,10700.0,1.0
48.36,945.6189883808588,722.9133624187336,931.3781641205551,840.4087263910546,832.4610497609887,865.3167644377584,839.051653542951,0.0246,0.105,0.0295,132.0,0.291,0.0919,0.2344,0.785,6920.0,4300.0,708.0,15500.0,3.46e-19,10700.0,1.0
48.48,948.3314551877121,725.0505579415851,934.3307483576431,843.0017562011024,835.0569347180931,867.8668501324764,841.5881352951435,0.0246,0.105,0.0295,132.0,0.291,0.0919,0.2344,0.785,6920.0,4300.0,708.0,15500.0,3.46e-19,10700.0,1.0
48.6,951.0491041029716,727.1940718109028,937.2900665058992,845.6014718619095,837.6598005855706,870.4228314429428,844.130893330325,0.0246,0.105,0.0295,132.0,0.291,0.0919,0.2344,0.785,6920.0,4300.0,708.0,15500.0,3.46e-19,10700.0,1.0
48.72,953.771940072067,729.3439227002223,940.2561179573455,848.2078838352986,840.2696591991332,872.9847182598699,846.6799378188389,0.0246,0.105,0.0295,132.0,0.291,0.0919,0.2344,0.785,6920.0,4300.0,708.0,15500.0,3.46e-19,10700.0,1.0
48.839999999999996,956.4999680404288,731.5001293377861,943.2289019990874,850.821002568179,842.8865223717213,875.5525204842908,849.2352789323465,0.0246,0.105,0.0295,132.0,0.291,0.0919,0.2344,0.785,6920.0,4300.0,708.0,15500.0,3.46e-19,10700.0,1.0
48.96,959.2331929534877,733.6627105066844,946.2084178128566,853.4408384924068,845.5104018932337,878.1262480275641,851.7969268438005,0.0246,0.105,0.0295,132.0,0.291,0.0919,0.2344,0.785,6920.0,4300.0,708.0,15500.0,3.46e-19,10700.0,1.0
49.08,961.9716197566744,735.8316850449952,949.1946644745535,856.0674020246433,848.141309530259,880.7059108113768,854.3648917274188,0.0246,0.105,0.0295,132.0,0.291,0.0919,0.2344,0.785,6920.0,4300.0,708.0,15500.0,3.46e-19,10700.0,1.0
49.199999999999996,964.7152533954203,738.0070718459258,952.1876409537912,858.7007035662159,850.7792570258068,883.29151876775,856.939183758659,0.0246,0.105,0.0295,132.0,0.291,0.0919,0.2344,0.785,6920.0,4300.0,708.0,15500.0,3.46e-19,10700.0,1.0
49.32,967.4640988151571,740.1888898579539,955.1873461134388,861.3407535029767,853.4242560990383,885.8830818390419,859.5198131141931,0.0246,0.105,0.0295,132.0,0.291,0.0919,0.2344,0.785,6920.0,4300.0,708.0,15500.0,3.46e-19,10700.0,1.0
49.44,970.2181609613164,742.3771580849672,958.1937787091637,863.9875622051615,856.0763184449971,888.4806099779523,862.1067899718802,0.0246,0.105,0.0295,132.0,0.291,0.0919,0.2344,0.785,6920.0,4300.0,708.0,15500.0,3.46e-19,10700.0,1.0
49.559999999999995,972.9774447793307,744.5718955864054,961.2069373889753,866.6411400272506,858.7354557343411,891.0841131475274,864.7001245107418,0.0246,0.105,0.0295,132.0,0.291,0.0919,0.2344,0.785,6920.0,4300.0,708.0,15500.0,3.46e-19,10700.0,1.0
49.68,975.7419552146328,746.7731214774009,964.2268206927688,869.3014973078276,861.4016796130728,893.6936013211637,867.2998269109361,0.0246,0.105,0.0295,132.0,0.291,0.0919,0.2344,0.785,6920.0,4300.0,708.0,15500.0,3.46e-19,10700.0,1.0
49.8,978.5116972126553,748.9808549289186,967.2534270518668,871.9686443694384,864.07500170227,896.3090844826111,869.9059073537305,0.0246,0.105,0.0295,132.0,0.291,0.0919,0.2344,0.785,6920.0,4300.0,708.0,15500.0,3.46e-19,10700.0,1.0
49.92,981.286675718832,751.1951151678982,970.2867547885643,874.6425915184517,866.7554335978178,898.9305726259793,872.5183760214783,0.0246,0.105,0.0295,132.0,0.291,0.0919,0.2344,0.785,6920.0,4300.0,708.0,15500.0,3.46e-19,10700.0,1.0
50.04,984.0668956785964,753.4159214773936,973.3268021156703,877.3233490449176,869.4429868701383,901.5580757557397,875.1372430975899,0.0246,0.105,0.0295,132.0,0.291,0.0919,0.2344,0.785,6920.0,4300.0,708.0,15500.0,3.46e-19,10700.0,1.0
50.16,986.8523620373826,755.6432931967147,976.3735671360521,880.0109272224277,872.1376730639229,904.1916038867315,877.7625187665094,0.0246,0.105,0.0295,132.0,0.291,0.0919,0.2344,0.785,6920.0,4300.0,708.0,15500.0,3.46e-19,10700.0,1.0
50.28,989.6430797406256,757.8772497215682,979.427047842178,882.7053363079743,874.8395036978625,906.8311670441648,880.3942132136877,0.0246,0.105,0.0295,132.0,0.291,0.0919,0.2344,0.785,6920.0,4300.0,708.0,15500.0,3.46e-19,10700.0,1.0
50.4,992.4390537337598,760.1178105041976,982.4872421156601,885.4065865418098,877.5484902643783,909.4767752636246,883.0323366255561,0.0246,0.105,0.0295,132.0,0.291,0.0919,0.2344,0.785,6920.0,4300.0,708.0,15500.0,3.46e-19,10700.0,1.0
50.519999999999996,995.2402889622209,762.3649950535247,985.5541477267984,888.1146881473065,880.2646442293537,912.1284385910764,885.6768991895015,0.0246,0.105,0.0295,132.0,0.291,0.0919,0.2344,0.785,6920.0,4300.0,708.0,15500.0,3.46e-19,10700.0,1.0
50.64,998.0467903714449,764.6188229352906,988.6277623341235,890.829651330816,882.9879770318646,914.7861670828687,888.3279110938399,0.0246,0.105,0.0295,132.0,0.291,0.0919,0.2344,0.785,6920.0,4300.0,708.0,15500.0,3.46e-19,10700.0,1.0
50.76,1000.8585629068676,766.8793137721957,991.7080834839392,893.5514862815279,885.71850008391,917.4499708057383,890.9853825277905,0.0246,0.105,0.0295,132.0,0.291,0.0919,0.2344,0.785,6920.0,4300.0,708.0,15500.0,3.46e-19,10700.0,1.0
50.879999999999995,1003.675611513926,769.1464872440413,994.7951086098666,896.280203171331,888.4562247701444,920.1198598368142,893.6493236814501,0.0246,0.105,0.0295,132.0,0.291,0.0919,0.2344,0.785,6920.0,4300.0,708.0,15500.0,3.46e-19,10700.0,1.0
51.0,1006.4979411380573,771.4203630878701,997.8888350323872,899.0158121546712,891.2011624476074,922.7958442636219,896.3197447457677,0.0246,0.105,0.0295,132.0,0.291,0.0919,0.2344,0.785,6920.0,4300.0,708.0,15500.0,3.46e-19,10700.0,1.0
51.12,1009.3255567246989,773.700961098107,1000.9892599583849,901.7583233684113,893.953324445455,925.4779341840871,898.9966559125168,0.0246,0.105,0.0295,132.0,0.291,0.0919,0.2344,0.785,6920.0,4300.0,708.0,15500.0,3.46e-19,10700.0,1.0
51.239999999999995,1012.1584632192889,775.9883011266999,1004.0963804806909,904.5077469316914,896.7127220646913,928.1661397065405,901.6800673742717,0.0246,0.105,0.0295,132.0,0.291,0.0919,0.2344,0.785,6920.0,4300.0,708.0,15500.0,3.46e-19,10700.0,1.0
51.36,1014.996665567089,778.2824036735053,1007.2101944047045,907.2640927395753,899.4793649221073,930.8604709566885,904.3699893768128,0.0246,0.105,0.0295,132.0,0.291,0.0919,0.2344,0.785,6920.0,4300.0,708.0,15500.0,3.46e-19,10700.0,1.0
51.48,1017.840168713196,780.5832898436223,1010.3307001879529,910.027370477865,902.2532610700944,933.5609380771106,907.0664322152971,0.0246,0.105,0.0295,132.0,0.291,0.0919,0.2344,0.785,6920.0,4300.0,708.0,15500.0,3.46e-19,10700.0,1.0
51.6,1020.6889776034687,782.8909782678712,1013.4578926242682,912.797590698895,905.0344256356434,936.267551190919,909.7694059606653,0.0246,0.105,0.0295,132.0,0.291,0.0919,0.2344,0.785,6920.0,4300.0,708.0,15500.0,3.46e-19,10700.0,1.0
51.72,1023.5430971833396,785.2054890537737,1016.5917683794311,915.5747634410955,907.8228697369264,938.9803204483893,912.4789208105703,0.0246,0.105,0.0295,132.0,0.291,0.0919,0.2344,0.785,6920.0,4300.0,708.0,15500.0,3.46e-19,10700.0,1.0
51.839999999999996,1026.4025323982419,787.526842368017,1019.7323240041999,918.358898724144,910.6186044599863,941.6992560102346,915.1949869634198,0.0246,0.105,0.0295,132.0,0.291,0.0919,0.2344,0.785,6920.0,4300.0,708.0,15500.0,3.46e-19,10700.0,1.0
51.96,1029.2672881936091,789.8550584366103,1022.8795559338749,921.1500065488177,913.4216408584235,944.4243680476095,917.9176146183503,0.0246,0.105,0.0295,132.0,0.291,0.0919,0.2344,0.785,6920.0,4300.0,708.0,15500.0,3.46e-19,10700.0,1.0
52.08,1032.1373695148743,792.1901575450411,1026.033460487864,923.9480968968483,916.2319899530818,947.1556667421133,920.6468139752033,0.0246,0.105,0.0295,132.0,0.291,0.0919,0.2344,0.785,6920.0,4300.0,708.0,15500.0,3.46e-19,10700.0,1.0
52.199999999999996,1035.0127813074716,794.5321600384326,1029.1940338692484,926.7531797307754,919.0496627317357,949.8931622857963,923.382595234501,0.0246,0.105,0.0295,132.0,0.291,0.0919,0.2344,0.785,6920.0,4300.0,708.0,15500.0,3.46e-19,10700.0,1.0
52.32,1037.893528516835,796.8810863217001,1032.361272164348,929.5652649938012,921.8746701487764,952.6368648811628,926.1249685974216,0.0246,0.105,0.0295,132.0,0.291,0.0919,0.2344,0.785,6920.0,4300.0,708.0,15500.0,3.46e-19,10700.0,1.0
52.44,1040.7796160883986,799.2369568597071,1035.535171342286,932.3843626096431,924.7070231248983,955.3867847411757,928.8739442657745,0.0246,0.105,0.0295,132.0,0.291,0.0919,0.2344,0.785,6920.0,4300.0,708.0,15500.0,3.46e-19,10700.0,1.0
52.559999999999995,1043.6710489675968,801.5997921774232,1038.7157272545555,935.2104824823892,927.5467325467856,958.1429320892616,931.6295324419768,0.0246,0.105,0.0295,132.0,0.291,0.0919,0.2344,0.785,6920.0,4300.0,708.0,15500.0,3.46e-19,10700.0,1.0
52.68,1046.567832099865,803.9696128600796,1041.9029356345839,938.0436344963516,930.3938092667992,960.9053171593148,934.3917433290279,0.0246,0.105,0.0295,132.0,0.291,0.0919,0.2344,0.785,6920.0,4300.0,708.0,15500.0,3.46e-19,10700.0,1.0
52.8,1049.4699704306377,806.3464395533263,1045.0967920972987,940.8838285159197,933.2482641026619,963.6739501957009,937.1605871304853,0.0246,0.105,0.0295,132.0,0.291,0.0919,0.2344,0.785,6920.0,4300.0,708.0,15500.0,3.46e-19,10700.0,1.0
52.919999999999995,1052.37746890535,808.7302929633888,1048.2972921386934,943.7310743854152,936.1101078371466,966.4488414532623,939.9360740504402,0.0246,0.105,0.0295,132.0,0.291,0.0919,0.2344,0.785,6920.0,4300.0,708.0,15500.0,3.46e-19,10700.0,1.0
53.04,1055.2903324694385,811.121193857225,1051.5044311353922,946.5853819289457,938.979351217762,969.2300011973224,942.7182142934935,0.0246,0.105,0.0295,132.0,0.291,0.0919,0.2344,0.785,6920.0,4300.0,708.0,15500.0,3.46e-19,10700.0,1.0
53.16,1058.2085660683379,813.519163062681,1054.718204344215,949.4467609502578,941.8560049564383,972.0174397036893,945.5070180647303,0.0246,0.105,0.0295,132.0,0.291,0.0919,0.2344,0.785,6920.0,4300.0,708.0,15500.0,3.46e-19,10700.0,1.0
53.28,1061.132174647485,815.924221468649,1057.9386069017444,952.3152212325926,944.7400797292153,974.8111672586613,948.3024955696966,0.0246,0.105,0.0295,132.0,0.291,0.0919,0.2344,0.785,6920.0,4300.0,708.0,15500.0,3.46e-19,10700.0,1.0
53.4,1064.061163152316,818.3363900252227,1061.165633823889,955.1907725385383,947.6315861759275,977.6111941590295,951.1046570143736,0.0246,0.105,0.0295,132.0,0.291,0.0919,0.2344,0.785,6920.0,4300.0,708.0,15500.0,3.46e-19,10700.0,1.0
53.519999999999996,1066.9955365282676,820.7556897438554,1064.3992800054511,958.0734246098849,950.5305348998914,980.4175307120847,953.9135126051547,0.0246,0.105,0.0295,132.0,0.291,0.0919,0.2344,0.785,6920.0,4300.0,708.0,15500.0,3.46e-19,10700.0,1.0
53.64,1069.935299720777,823.1821416975156,1067.6395402196904,960.9631871674779,953.4369364675922,983.2301872356196,956.7290725488197,0.0246,0.105,0.0295,132.0,0.291,0.0919,0.2344,0.785,6920.0,4300.0,708.0,15500.0,3.46e-19,10700.0,1.0
53.76,1072.880457675281,825.6157670208436,1070.8864091178893,963.8600699110722,956.3508014083689,986.049174057934,959.5513470525109,0.0246,0.105,0.0295,132.0,0.291,0.0919,0.2344,0.785,6920.0,4300.0,708.0,15500.0,3.46e-19,10700.0,1.0
53.879999999999995,1075.8310153372177,828.0565869103091,1074.1398812289199,966.7640825191859,959.2721402141025,988.8745015178396,962.3803463237089,0.0246,0.105,0.0295,132.0,0.291,0.0919,0.2344,0.785,6920.0,4300.0,708.0,15500.0,3.46e-19,10700.0,1.0
54.0,1078.7869776520247,830.5046226243675,1077.3999509588082,969.675234648955,962.2009633389016,991.7061799646639,965.2160805702079,0.0246,0.105,0.0295,132.0,0.291,0.0919,0.2344,0.785,6920.0,4300.0,708.0,15500.0,3.46e-19,10700.0,1.0
54.12,1081.7483495651402,832.9598954836157,1080.6666125902989,972.593535935986,965.1372811987887,994.5442197582541,968.0585600000908,0.0246,0.105,0.0295,132.0,0.291,0.0919,0.2344,0.785,6920.0,4300.0,708.0,15500.0,3.46e-19,10700.0,1.0
54.239999999999995,1084.7151360220028,835.4224268709503,1083.9398602824226,975.5189959942114,968.0811041713877,997.388631268983,970.9077948217055,0.0246,0.105,0.0295,132.0,0.291,0.0919,0.2344,0.785,6920.0,4300.0,708.0,15500.0,3.46e-19,10700.0,1.0
54.36,1087.6873419680512,837.8922382317232,1087.21968807006,978.4516244157427,971.0324425956092,1000.2394248777518,973.7637952436402,0.0246,0.105,0.0295,132.0,0.291,0.0919,0.2344,0.785,6920.0,4300.0,708.0,15500.0,3.46e-19,10700.0,1.0
54.48,1090.6649723487244,840.3693510738985,1090.5060898635072,981.3914307707239,973.9913067713376,1003.0966109759954,976.6265714746983,0.0246,0.105,0.0295,132.0,0.291,0.0919,0.2344,0.785,6920.0,4300.0,708.0,15500.0,3.46e-19,10700.0,1.0
54.6,1093.6480321094623,842.8537869682096,1093.7990594480418,984.3384246071872,976.9577069591178,1005.9601999656866,979.496133723875,0.0246,0.105,0.0295,132.0,0.291,0.0919,0.2344,0.785,6920.0,4300.0,708.0,15500.0,3.46e-19,10700.0,1.0
54.72,1096.636526195704,845.345567548315,1097.0985904834874,987.2926154509046,979.9316533798411,1008.8302022593399,982.3724922003319,0.0246,0.105,0.0295,132.0,0.291,0.0919,0.2344,0.785,6920.0,4300.0,708.0,15500.0,3.46e-19,10700.0,1.0
54.839999999999996,1099.630459552181,847.844715960344,1100.4046838238328,990.2540130228113,982.913151461741,1011.7066282754021,985.2556574886697,0.0246,0.105,0.0295,132.0,0.291,0.0919,0.2344,0.785,6920.0,4300.0,708.0,15500.0,3.46e-19,10700.0,1.0
54.96,1102.6298371247983,850.35125301461,1103.7173280804504,993.2226266611694,985.9022144595174,1014.5894884505097,988.1456395524092,0.0246,0.105,0.0295,132.0,0.291,0.0919,0.2344,0.785,6920.0,4300.0,708.0,15500.0,3.46e-19,10700.0,1.0
55.08,1105.6346638591087,852.8652003048014,1107.0365153741745,996.1984657896201,988.8988532263884,1017.4787932295618,991.0424485415915,0.0246,0.105,0.0295,132.0,0.291,0.0919,0.2344,0.785,6920.0,4300.0,708.0,15500.0,3.46e-19,10700.0,1.0
55.199999999999996,1108.644944700544,855.3865797369979,1110.3622389553923,999.1815398463141,991.9030777586978,1020.3745530672252,993.9460946707599,0.0246,0.105,0.0295,132.0,0.291,0.0919,0.2344,0.785,6920.0,4300.0,708.0,15500.0,3.46e-19,10700.0,1.0
55.32,1111.6606845945364,857.9154132817257,1113.6944919505881,1002.171858246524,994.9148980091518,1023.2767784287286,996.8565881546934,0.0246,0.105,0.0295,132.0,0.291,0.0919,0.2344,0.785,6920.0,4300.0,708.0,15500.0,3.46e-19,10700.0,1.0
55.44,1114.681888486517,860.4517229741259,1117.0332673619705,1005.1694303824992,997.934323886463,1026.1854797898663,999.7739392083847,0.0246,0.105,0.0295,132.0,0.291,0.0919,0.2344,0.785,6920.0,4300.0,708.0,15500.0,3.46e-19,10700.0,1.0
55.559999999999995,1117.7085613219176,862.9955309141243,1120.3785580671013,1008.1742656233224,1000.9613652549983,1029.100667637004,1002.6981580470195,0.0246,0.105,0.0295,132.0,0.291,0.0919,0.2344,0.785,6920.0,4300.0,708.0,15500.0,3.46e-19,10700.0,1.0
55.68,1120.74070804617,865.5468592666003,1123.7303568185228,1011.1863733147653,1003.9960319344248,1032.022352467082,1005.6292548859556,0.0246,0.105,0.0295,132.0,0.291,0.0919,0.2344,0.785,6920.0,4300.0,708.0,15500.0,3.46e-19,10700.0,1.0
55.8,1123.7783336047057,868.1057302615554,1127.0886562433848,1014.2057627791436,1007.0383336993538,1034.9505447876193,1008.5672399407,0.0246,0.105,0.0295,132.0,0.291,0.0919,0.2344,0.785,6920.0,4300.0,708.0,15500.0,3.46e-19,10700.0,1.0
55.919999999999995,1126.8214429429563,870.6721661942826,1130.4534488430738,1017.2324433151738,1010.0882802789894,1037.885255116719,1011.5121234268898,0.0246,0.105,0.0295,132.0,0.291,0.0919,0.2344,0.785,6920.0,4300.0,708.0,15500.0,3.46e-19,10700.0,1.0
56.04,1129.8700410063534,873.2461894255357,1133.8247269928393,1020.266424197829,1013.1458813567733,1040.826493983072,1014.4639155602699,0.0246,0.105,0.0295,132.0,0.291,0.0919,0.2344,0.785,6920.0,4300.0,708.0,15500.0,3.46e-19,10700.0,1.0
56.16,1132.9241327403283,875.8278223816977,1137.2024829414224,1023.3077146781935,1016.2111465700302,1043.7742719259613,1017.422626556671,0.0246,0.105,0.0295,132.0,0.291,0.0919,0.2344,0.785,6920.0,4300.0,708.0,15500.0,3.46e-19,10700.0,1.0
56.28,1135.9837230903129,878.4170875549505,1140.5867088106838,1026.3563239833202,1019.2840855096151,1046.7285994952672,1020.3882666319901,0.0246,0.105,0.0295,132.0,0.291,0.0919,0.2344,0.785,6920.0,4300.0,708.0,15500.0,3.46e-19,10700.0,1.0
56.4,1139.0488170017381,881.0140075034432,1143.9773965952304,1029.4122613160848,1022.3647077195584,1049.68948725147,1023.360846002167,0.0246,0.105,0.0295,132.0,0.291,0.0919,0.2344,0.785,6920.0,4300.0,708.0,15500.0,3.46e-19,10700.0,1.0
56.519999999999996,1142.1194194200355,883.6186048514617,1147.3745381620442,1032.475535855043,1025.4530226967122,1052.6569457656558,1026.3403748831654,0.0246,0.105,0.0295,132.0,0.291,0.0919,0.2344,0.785,6920.0,4300.0,708.0,15500.0,3.46e-19,10700.0,1.0
56.64,1145.1955352906368,886.2309022895979,1150.7781252501102,1035.5461567542861,1028.5490398903967,1055.6309856195207,1029.32686349095,0.0246,0.105,0.0295,132.0,0.291,0.0919,0.2344,0.785,6920.0,4300.0,708.0,15500.0,3.46e-19,10700.0,1.0
56.76,1148.277169558973,888.8509225749177,1154.1881494700422,1038.6241331432952,1031.6527687020448,1058.6116174053745,1032.3203220414655,0.0246,0.105,0.0295,132.0,0.291,0.0919,0.2344,0.785,6920.0,4300.0,708.0,15500.0,3.46e-19,10700.0,1.0
56.879999999999995,1151.3643271704752,891.4786885311312,1157.6046023037131,1041.7094741267995,1034.7642184848505,1061.598851726145,1035.3207607506163,0.0246,0.105,0.0295,132.0,0.291,0.0919,0.2344,0.785,6920.0,4300.0,708.0,15500.0,3.46e-19,10700.0,1.0
57.0,1154.4570130705752,894.1142230487611,1161.027475103882,1044.8021887846298,1037.8833985434128,1064.5926991953838,1038.3281898342436,0.0246,0.105,0.0295,132.0,0.291,0.0919,0.2344,0.785,6920.0,4300.0,708.0,15500.0,3.46e-19,10700.0,1.0
57.12,1157.5552322047035,896.7575490853118,1164.4567590938193,1047.902286171576,1041.010318133382,1067.5931704372686,1041.3426195081058,0.0246,0.105,0.0295,132.0,0.291,0.0919,0.2344,0.785,6920.0,4300.0,708.0,15500.0,3.46e-19,10700.0,1.0
57.239999999999995,1160.6589895182915,899.4086896654385,1167.8924453669392,1051.0097753172415,1044.144986461107,1070.6002760866086,1044.3640599878559,0.0246,0.105,0.0295,132.0,0.291,0.0919,0.2344,0.785,6920.0,4300.0,708.0,15500.0,3.46e-19,10700.0,1.0
57.36,1163.7682899567706,902.0676678811164,1171.3345248864239,1054.124665225901,1047.2874126832805,1073.6140267888495,1047.3925214890216,0.0246,0.105,0.0295,132.0,0.291,0.0919,0.2344,0.785,6920.0,4300.0,708.0,15500.0,3.46e-19,10700.0,1.0
57.48,1166.883138465571,904.7345068918092,1174.7829884848513,1057.2469648763533,1050.437605906584,1076.6344332000763,1050.428014226982,0.0246,0.105,0.0295,132.0,0.291,0.0919,0.2344,0.785,6920.0,4300.0,708.0,15500.0,3.46e-19,10700.0,1.0
57.599999999999994,1170.0035399901242,907.4092299246388,1178.2378268638254,1060.3766832217802,1053.5955751873353,1079.6615059870187,1053.4705484169488,0.0246,0.105,0.0295,132.0,0.291,0.0919,0.2344,0.785,6920.0,4300.0,708.0,15500.0,3.46e-19,10700.0,1.0
57.72,1173.1294994758612,910.0918602745539,1181.6990305936022,1063.5138291896003,1056.7613295311346,1082.6952558270561,1056.5201342739435,0.0246,0.105,0.0295,132.0,0.291,0.0919,0.2344,0.785,6920.0,4300.0,708.0,15500.0,3.46e-19,10700.0,1.0
57.839999999999996,1176.2610218682125,912.7824213044988,1185.1665901127164,1066.6584116813253,1059.9348778925091,1085.73569340822,1059.5767820127758,0.0246,0.105,0.0295,132.0,0.291,0.0919,0.2344,0.785,6920.0,4300.0,708.0,15500.0,3.46e-19,10700.0,1.0
57.96,1179.398112112609,915.4809364455836,1188.6404957276127,1069.8104395724165,1063.1162291745602,1088.7828294291996,1062.6405018480239,0.0246,0.105,0.0295,132.0,0.291,0.0919,0.2344,0.785,6920.0,4300.0,708.0,15500.0,3.46e-19,10700.0,1.0
58.08,1182.540775154481,918.1874291972512,1192.120737612269,1072.969921712139,1066.305392228609,1091.8366745993462,1065.7113039940116,0.0246,0.105,0.0295,132.0,0.291,0.0919,0.2344,0.785,6920.0,4300.0,708.0,15500.0,3.46e-19,10700.0,1.0
58.199999999999996,1185.6890159392224,920.9019238142723,1195.60731108694,1076.136867319606,1069.5023738534087,1094.897239631065,1068.7891988704139,0.0246,0.105,0.0295,132.0,0.291,0.0919,0.2344,0.785,6920.0,4300.0,708.0,15500.0,3.46e-19,10700.0,1.0
58.32,1188.8428394122375,923.6244444096948,1199.1002097215191,1079.311285466083,1072.7071814080175,1097.964535249764,1071.874196833621,0.0246,0.105,0.0295,132.0,0.291,0.0919,0.2344,0.785,6920.0,4300.0,708.0,15500.0,3.46e-19,10700.0,1.0
58.44,1192.0022505190057,926.3550137894456,1202.5994163763135,1082.4931844024998,1075.9198262062573,1101.0385722067754,1074.9663078277595,0.0246,0.105,0.0295,132.0,0.291,0.0919,0.2344,0.785,6920.0,4300.0,708.0,15500.0,3.46e-19,10700.0,1.0
58.559999999999995,1195.1672542049562,929.0936557469574,1206.1049208374754,1085.6825728828378,1079.1403168335578,1104.1193612539316,1078.065542071604,0.0246,0.105,0.0295,132.0,0.291,0.0919,0.2344,0.785,6920.0,4300.0,708.0,15500.0,3.46e-19,10700.0,1.0
58.68,1198.3378554155188,931.8403941455792,1209.6167127624965,1088.8794596345874,1082.3686618196523,1107.206913153741,1081.1719097837895,0.0246,0.105,0.0295,132.0,0.291,0.0919,0.2344,0.785,6920.0,4300.0,708.0,15500.0,3.46e-19,10700.0,1.0
58.8,1201.5140590961216,934.5952529187566,1213.1347816799287,1092.0838533586104,1085.6048696381865,1110.3012386793898,1084.2854211827928,0.0246,0.105,0.0295,132.0,0.291,0.0919,0.2344,0.785,6920.0,4300.0,708.0,15500.0,3.46e-19,10700.0,1.0
58.919999999999995,1204.6958701921944,937.358256070215,1216.6591169891099,1095.2957627290043,1088.8489487063307,1113.4023486147496,1087.406086486918,0.0246,0.105,0.0295,132.0,0.291,0.0919,0.2344,0.785,6920.0,4300.0,708.0,15500.0,3.46e-19,10700.0,1.0
59.04,1207.8832936491658,940.1294276741401,1220.189707959886,1098.5151963929636,1092.1009073843875,1116.51025375438,1090.533915914276,0.0246,0.105,0.0295,132.0,0.291,0.0919,0.2344,0.785,6920.0,4300.0,708.0,15500.0,3.46e-19,10700.0,1.0
59.16,1211.0763344124643,942.9087918753585,1223.7265437323333,1101.7421629706434,1095.3607539754023,1119.6249649035324,1093.6689196827683,0.0246,0.105,0.0295,132.0,0.291,0.0919,0.2344,0.785,6920.0,4300.0,708.0,15500.0,3.46e-19,10700.0,1.0
59.28,1214.2749974275189,945.6963728895214,1227.2696133164843,1104.9766710550236,1098.6284967247736,1122.746492878155,1096.8111080100703,0.0246,0.105,0.0295,132.0,0.291,0.0919,0.2344,0.785,6920.0,4300.0,708.0,15500.0,3.46e-19,10700.0,1.0
59.4,1217.4792876397578,948.4921950032839,1230.8189055920486,1108.2187292117694,1101.9041438198617,1125.8748485048964,1099.9604911136112,0.0246,0.105,0.0295,132.0,0.291,0.0919,0.2344,0.785,6920.0,4300.0,708.0,15500.0,3.46e-19,10700.0,1.0
59.519999999999996,1220.689209994609,951.2962825744875,1234.3744093081377,1111.4683459790967,1105.1877033895998,1129.0100426211106,1103.117079210559,0.0246,0.105,0.0295,132.0,0.291,0.0919,0.2344,0.785,6920.0,4300.0,708.0,15500.0,3.46e-19,10700.0,1.0
59.64,1223.9047694375013,954.1086600323417,1237.9361130829877,1114.7255298676337,1108.4791835041033,1132.1520860748608,1106.2808825178024,0.0246,0.105,0.0295,132.0,0.291,0.0919,0.2344,0.785,6920.0,4300.0,708.0,15500.0,3.46e-19,10700.0,1.0
59.76,1227.1259709138624,956.9293518776046,1241.5040054036822,1117.9902893602837,1111.778592174278,1135.3009897249228,1109.4519112519315,0.0246,0.105,0.0295,132.0,0.291,0.0919,0.2344,0.785,6920.0,4300.0,708.0,15500.0,3.46e-19,10700.0,1.0
59.879999999999995,1230.35281936912,959.7583826827655,1245.0780746258765,1121.2626329120894,1115.0859373514331,1138.4567644407914,1112.6301756292225,0.0246,0.105,0.0295,132.0,0.291,0.0919,0.2344,0.785,6920.0,4300.0,708.0,15500.0,3.46e-19,10700.0,1.0
60.0,1233.585319748702,962.5957770922255,1248.6583089735211,1124.5425689500946,1118.4012269268887,1141.6194211026818,1115.8156858656198,0.0246,0.105,0.0295,132.0,0.291,0.0919,0.2344,0.785,6920.0,4300.0,708.0,15500.0,3.46e-19,10700.0,1.0
60.12,1236.8234769980359,965.4415598224788,1252.2446965385834,1127.8301058732075,1121.7244687315856,1144.788970601536,1119.0084521767162,0.0246,0.105,0.0295,132.0,0.291,0.0919,0.2344,0.785,6920.0,4300.0,708.0,15500.0,3.46e-19,10700.0,1.0
60.239999999999995,1240.067296062549,968.2957556622952,1255.8372252807721,1131.1252520520638,1125.0556705356962,1147.9654238390258,1122.208484777739,0.0246,0.105,0.0295,132.0,0.291,0.0919,0.2344,0.785,6920.0,4300.0,708.0,15500.0,3.46e-19,10700.0,1.0
60.36,1243.316781887669,971.1583894729007,1259.4358830272613,1134.42801582889,1128.3948400482343,1151.148791727558,1125.415793883529,0.0246,0.105,0.0295,132.0,0.291,0.0919,0.2344,0.785,6920.0,4300.0,708.0,15500.0,3.46e-19,10700.0,1.0
60.48,1246.5719394188225,974.0294861881591,1263.040657472412,1137.7384055173657,1131.741984916663,1154.3390851902775,1128.6303897085252,0.0246,0.105,0.0295,132.0,0.291,0.0919,0.2344,0.785,6920.0,4300.0,708.0,15500.0,3.46e-19,10700.0,1.0
60.599999999999994,1249.8327736014364,976.9090708147536,1266.6515361774968,1141.0564294024869,1135.0971127265068,1157.5363151610723,1131.8522824667466,0.0246,0.105,0.0295,132.0,0.291,0.0919,0.2344,0.785,6920.0,4300.0,708.0,15500.0,3.46e-19,10700.0,1.0
60.72,1253.099289380938,979.7971684323685,1270.268506570423,1144.382095740429,1138.4602310009607,1160.7404925845776,1135.0814823717747,0.0246,0.105,0.0295,132.0,0.291,0.0919,0.2344,0.785,6920.0,4300.0,708.0,15500.0,3.46e-19,10700.0,1.0
60.839999999999996,1256.371491702753,982.6938041938697,1273.8915559454542,1147.7154127584095,1141.831347200499,1163.9516284161796,1138.3179996367348,0.0246,0.105,0.0295,132.0,0.291,0.0919,0.2344,0.785,6920.0,4300.0,708.0,15500.0,3.46e-19,10700.0,1.0
60.96,1259.6493855123085,985.5990033254876,1277.5206714629373,1151.056388654552,1145.2104687224871,1167.1697336220202,1141.5618444742813,0.0246,0.105,0.0295,132.0,0.291,0.0919,0.2344,0.785,6920.0,4300.0,708.0,15500.0,3.46e-19,10700.0,1.0
61.08,1262.9329757550304,988.5127911269971,1281.1558401490217,1154.4050315977468,1148.5976029007884,1170.394819179001,1144.8130270965767,0.0246,0.105,0.0295,132.0,0.291,0.0919,0.2344,0.785,6920.0,4300.0,708.0,15500.0,3.46e-19,10700.0,1.0
61.199999999999996,1266.2222673763447,991.4351929719003,1284.7970488953852,1157.7613497275172,1151.9927570053774,1173.6268960747873,1148.0715577152764,0.0246,0.105,0.0295,132.0,0.291,0.0919,0.2344,0.785,6920.0,4300.0,708.0,15500.0,3.46e-19,10700.0,1.0
61.32,1269.5172653216775,994.3662343076072,1288.4442844589564,1161.1253511538796,1155.395938241947,1176.8659753078134,1151.337446541511,0.0246,0.105,0.0295,132.0,0.291,0.0919,0.2344,0.785,6920.0,4300.0,708.0,15500.0,3.46e-19,10700.0,1.0
61.44,1272.8179745364541,997.3059406556172,1292.0975334616385,1164.4970439572078,1158.8071537515193,1180.1120678872844,1154.6107037858676,0.0246,0.105,0.0295,132.0,0.291,0.0919,0.2344,0.785,6920.0,4300.0,708.0,15500.0,3.46e-19,10700.0,1.0
61.559999999999995,1276.1243999661003,1000.2543376117009,1295.7567823900317,1167.876436188096,1162.2264106100558,1183.3651848331835,1157.891339658373,0.0246,0.105,0.0295,132.0,0.291,0.0919,0.2344,0.785,6920.0,4300.0,708.0,15500.0,3.46e-19,10700.0,1.0
61.68,1279.4365465563917,1003.2114529711549,1299.4220337094139,1171.2635372454743,1165.6537115128301,1186.625337166218,1161.179364789238,0.0246,0.105,0.0295,132.0,0.291,0.0919,0.2344,0.785,6920.0,4300.0,708.0,15500.0,3.46e-19,10700.0,1.0
61.8,1282.7544192524633,1006.1773107220805,1303.0932603136196,1174.658353980592,1169.0890669718294,1189.892535936249,1164.4747890394808,0.0246,0.105,0.0295,132.0,0.291,0.0919,0.2344,0.785,6920.0,4300.0,708.0,15500.0,3.46e-19,10700.0,1.0
61.919999999999995,1286.078022999736,1009.1519366583926,1306.7704480863633,1178.0608943371753,1172.5324839177947,1193.1667921957362,1167.7776226122417,0.0246,0.105,0.0295,132.0,0.291,0.0919,0.2344,0.785,6920.0,4300.0,708.0,15500.0,3.46e-19,10700.0,1.0
62.04,1289.407362743639,1012.1353566989561,1310.4535831537416,1181.4711662610216,1175.983969113409,1196.4481170076963,1171.0878757199216,0.0246,0.105,0.0295,132.0,0.291,0.0919,0.2344,0.785,6920.0,4300.0,708.0,15500.0,3.46e-19,10700.0,1.0
62.16,1292.7424434296001,1015.1275968387426,1314.142651512208,1184.8891776680641,1179.4435292524568,1199.7365214459385,1174.405558574456,0.0246,0.105,0.0295,132.0,0.291,0.0919,0.2344,0.785,6920.0,4300.0,708.0,15500.0,3.46e-19,10700.0,1.0
62.28,1296.0832700030485,1018.1286831490285,1317.8376390284147,1188.314936444248,1182.9111709594029,1203.03201659507,1177.7306813873035,0.0246,0.105,0.0295,132.0,0.291,0.0919,0.2344,0.785,6920.0,4300.0,708.0,15500.0,3.46e-19,10700.0,1.0
62.4,1299.4298474094123,1021.1386417775905,1321.5385314390535,1191.7484504454007,1186.3869007889696,1206.3346135504994,1181.063254369428,0.0246,0.105,0.0295,132.0,0.291,0.0919,0.2344,0.785,6920.0,4300.0,708.0,15500.0,3.46e-19,10700.0,1.0
62.519999999999996,1302.7821805941203,1024.1574989489043,1325.2453143506962,1195.189727497107,1189.8707252257173,1209.644323418441,1184.4032877312866,0.0246,0.105,0.0295,132.0,0.291,0.0919,0.2344,0.785,6920.0,4300.0,708.0,15500.0,3.46e-19,10700.0,1.0
62.64,1306.1402745026007,1027.18528096434,1328.9579732396373,1198.6387753945812,1193.3626506836204,1212.9611573159189,1187.7507916828145,0.0246,0.105,0.0295,132.0,0.291,0.0919,0.2344,0.785,6920.0,4300.0,708.0,15500.0,3.46e-19,10700.0,1.0
62.76,1309.5041340802818,1030.2220142023602,1332.676493451732,1202.0956019025396,1196.8626835056461,1216.2851263707707,1191.1057764334093,0.0246,0.105,0.0295,132.0,0.291,0.0919,0.2344,0.785,6920.0,4300.0,708.0,15500.0,3.46e-19,10700.0,1.0
62.879999999999995,1312.8737642725919,1033.2677251187165,1336.400860202241,1205.5602147550746,1200.3708299633345,1219.6162417216528,1194.4682521919187,0.0246,0.105,0.0295,132.0,0.291,0.0919,0.2344,0.785,6920.0,4300.0,708.0,15500.0,3.46e-19,10700.0,1.0
63.0,1316.2491700249598,1036.3224402466462,1340.1310585756676,1209.0326216555272,1203.8870962563744,1222.9545145180432,1197.8382291666248,0.0246,0.105,0.0295,132.0,0.291,0.0919,0.2344,0.785,6920.0,4300.0,708.0,15500.0,3.46e-19,10700.0,1.0
63.12,1319.6303562828127,1039.3861861970697,1343.8670735256017,1212.5128302763599,1207.4114885121828,1226.2999559202465,1201.215717565229,0.0246,0.105,0.0295,132.0,0.291,0.0919,0.2344,0.785,6920.0,4300.0,708.0,15500.0,3.46e-19,10700.0,1.0
63.239999999999995,1323.0173279915798,1042.458989658788,1347.6088898745595,1216.0008482590301,1210.9440127854834,1229.6525770993978,1204.6007275948389,0.0246,0.105,0.0295,132.0,0.291,0.0919,0.2344,0.785,6920.0,4300.0,708.0,15500.0,3.46e-19,10700.0,1.0
63.36,1326.4100900966885,1045.540877398678,1351.3564923138247,1219.4966832138632,1214.4846750578843,1233.0123892374668,1207.993269461953,0.0246,0.105,0.0295,132.0,0.291,0.0919,0.2344,0.785,6920.0,4300.0,708.0,15500.0,3.46e-19,10700.0,1.0
63.48,1329.808647543567,1048.6318762618916,1355.109865403289,1223.000342719925,1218.0334812374563,1236.3794035272617,1211.3933533724467,0.0246,0.105,0.0295,132.0,0.291,0.0919,0.2344,0.785,6920.0,4300.0,708.0,15500.0,3.46e-19,10700.0,1.0
63.599999999999994,1333.2130052776436,1051.7320131720508,1358.8689935712944,1226.5118343248948,1221.590437158312,1239.753631172434,1214.800989531557,0.0246,0.105,0.0295,132.0,0.291,0.0919,0.2344,0.785,6920.0,4300.0,708.0,15500.0,3.46e-19,10700.0,1.0
63.72,1336.6231682443458,1054.8413151314462,1362.633861114473,1230.0311655449404,1225.155548580183,1243.1350833874824,1218.2161881438694,0.0246,0.105,0.0295,132.0,0.291,0.0919,0.2344,0.785,6920.0,4300.0,708.0,15500.0,3.46e-19,10700.0,1.0
63.839999999999996,1340.0391413891016,1057.9598092212325,1366.4044521975877,1233.5583438645872,1228.728821187999,1246.5237713977558,1221.6389594133018,0.0246,0.105,0.0295,132.0,0.291,0.0919,0.2344,0.785,6920.0,4300.0,708.0,15500.0,3.46e-19,10700.0,1.0
63.96,1343.460929657339,1061.087522601627,1370.1807508533752,1237.0933767365957,1232.310260591466,1249.9197064394596,1225.0693135430915,0.0246,0.105,0.0295,132.0,0.291,0.0919,0.2344,0.785,6920.0,4300.0,708.0,15500.0,3.46e-19,10700.0,1.0
64.08,1346.8885379944854,1064.2244825121054,1373.9627409823847,1240.636271581831,1235.8998723246432,1253.3228997596577,1228.5072607357797,0.0246,0.105,0.0295,132.0,0.291,0.0919,0.2344,0.785,6920.0,4300.0,708.0,15500.0,3.46e-19,10700.0,1.0
64.2,1350.3219713459691,1067.3707162715996,1377.7504063528206,1244.1870357891376,1239.497661845524,1256.7333626162786,1231.952811193198,0.0246,0.105,0.0295,132.0,0.291,0.0919,0.2344,0.785,6920.0,4300.0,708.0,15500.0,3.46e-19,10700.0,1.0
64.32,1353.7612346572168,1070.5262512786937,1381.5437306003817,1247.7456767152119,1243.1036345356113,1260.1511062781171,1235.4059751164518,0.0246,0.105,0.0295,132.0,0.291,0.0919,0.2344,0.785,6920.0,4300.0,708.0,15500.0,3.46e-19,10700.0,1.0
64.44,1357.2063328736572,1073.6911150118224,1385.3426972281045,1251.3122016844761,1246.7177956994988,1263.5761420248418,1238.8667627059099,0.0246,0.105,0.0295,132.0,0.291,0.0919,0.2344,0.785,6920.0,4300.0,708.0,15500.0,3.46e-19,10700.0,1.0
64.56,1360.6572709407171,1076.8653350294667,1389.1472896062025,1254.8866179889503,1250.3401505644463,1267.0084811469956,1242.3351841611855,0.0246,0.105,0.0295,132.0,0.291,0.0919,0.2344,0.785,6920.0,4300.0,708.0,15500.0,3.46e-19,10700.0,1.0
64.67999999999999,1364.114053803824,1080.0489389703507,1392.9574909719072,1258.4689328881245,1253.9707042799596,1270.4481349460018,1245.8112496811239,0.0246,0.105,0.0295,132.0,0.291,0.0919,0.2344,0.785,6920.0,4300.0,708.0,15500.0,3.46e-19,10700.0,1.0
64.8,1367.5766864084055,1083.2419545536409,1396.7732844293107,1262.059153608835,1257.6094619173696,1273.8951147341693,1249.2949694637891,0.0246,0.105,0.0295,132.0,0.291,0.0919,0.2344,0.785,6920.0,4300.0,708.0,15500.0,3.46e-19,10700.0,1.0
64.92,1371.0451736998891,1086.44440957914,1400.5946529492046,1265.6572873451337,1261.2564284694085,1277.3494318346943,1252.7863537064475,0.0246,0.105,0.0295,132.0,0.291,0.0919,0.2344,0.785,6920.0,4300.0,708.0,15500.0,3.46e-19,10700.0,1.0
65.03999999999999,1374.5195206238175,1089.6563332701999,1404.421589291407,1269.2633421928508,1264.9116070812838,1280.8110975820616,1256.2854127819144,0.0246,0.105,0.0295,132.0,0.291,0.0919,0.2344,0.785,6920.0,4300.0,708.0,15500.0,3.46e-19,10700.0,1.0
65.16,1377.9997321256253,1092.877753666352,1408.254076735013,1272.8773253342943,1268.5750024847182,1284.2801233212817,1259.7921568960471,0.0246,0.105,0.0295,132.0,0.291,0.0919,0.2344,0.785,6920.0,4300.0,708.0,15500.0,3.46e-19,10700.0,1.0
65.28,1381.4858131506505,1096.1086977803861,1412.0920902376026,1276.4992431473286,1272.246620790887,1287.7565204079358,1263.3065961083316,0.0246,0.105,0.0295,132.0,0.291,0.0919,0.2344,0.785,6920.0,4300.0,708.0,15500.0,3.46e-19,10700.0,1.0
65.39999999999999,1384.9777686443224,1099.3491937645854,1415.9356124417957,1280.1291027130687,1275.9264666370887,1291.240300208823,1266.8287406163736,0.0246,0.105,0.0295,132.0,0.291,0.0919,0.2344,0.785,6920.0,4300.0,708.0,15500.0,3.46e-19,10700.0,1.0
65.52,1388.4756035520709,1102.5992698539396,1419.784625864124,1283.7669110799666,1279.6145445784903,1294.7314741016537,1270.3586006170526,0.0246,0.105,0.0295,132.0,0.291,0.0919,0.2344,0.785,6920.0,4300.0,708.0,15500.0,3.46e-19,10700.0,1.0
65.64,1391.9793228193255,1105.8589543663588,1423.6391128950072,1287.4126752636957,1283.3108590876786,1298.2300534750502,1273.8961863065085,0.0246,0.105,0.0295,132.0,0.291,0.0919,0.2344,0.785,6920.0,4300.0,708.0,15500.0,3.46e-19,10700.0,1.0
65.75999999999999,1395.4889313915155,1109.1282757028898,1427.4990557987262,1291.0664022470373,1287.0154145542158,1301.7360497285529,1277.441507880129,0.0246,0.105,0.0295,132.0,0.291,0.0919,0.2344,0.785,6920.0,4300.0,708.0,15500.0,3.46e-19,10700.0,1.0
65.88,1399.0044342140711,1112.4072623479315,1431.3644367134036,1294.728098979768,1290.728215284195,1305.2494742726246,1280.9945755325405,0.0246,0.105,0.0295,132.0,0.291,0.0919,0.2344,0.785,6920.0,4300.0,708.0,15500.0,3.46e-19,10700.0,1.0
66.0,1402.5258362324219,1115.695942869449,1435.2352376509748,1298.3977723785424,1294.4492654997916,1308.7703385286538,1284.5553994575928,0.0246,0.105,0.0295,132.0,0.291,0.0919,0.2344,0.785,6920.0,4300.0,708.0,15500.0,3.46e-19,10700.0,1.0
66.12,1406.0531423919974,1118.99434591919,1439.1114404971663,1302.075429326781,1298.1785693388201,1312.2986539289589,1288.1239898483486,0.0246,0.105,0.0295,132.0,0.291,0.0919,0.2344,0.785,6920.0,4300.0,708.0,15500.0,3.46e-19,10700.0,1.0
66.24,1409.5863576382271,1122.3025002328984,1442.9930270114703,1305.7610766745545,1301.9161308542868,1315.8344319167923,1291.7003568970704,0.0246,0.105,0.0295,132.0,0.291,0.0919,0.2344,0.785,6920.0,4300.0,708.0,15500.0,3.46e-19,10700.0,1.0
66.36,1413.1254869165418,1125.6204346305328,1446.8799788271222,1309.4547212384718,1305.6619540139461,1319.3776839463467,1295.2845107952107,0.0246,0.105,0.0295,132.0,0.291,0.0919,0.2344,0.785,6920.0,4300.0,708.0,15500.0,3.46e-19,10700.0,1.0
66.48,1416.6705351723706,1128.9481780164779,1450.7722774510744,1313.1563698015634,1309.4160426998517,1322.928421482755,1298.8764617333975,0.0246,0.105,0.0295,132.0,0.291,0.0919,0.2344,0.785,6920.0,4300.0,708.0,15500.0,3.46e-19,10700.0,1.0
66.6,1420.2215073511434,1132.2857593797607,1454.669904263972,1316.866029113167,1313.1784007079127,1326.4866560020982,1302.4762199014222,0.0246,0.105,0.0295,132.0,0.291,0.0919,0.2344,0.785,6920.0,4300.0,708.0,15500.0,3.46e-19,10700.0,1.0
66.72,1423.7784083982908,1135.6332077942686,1458.5728405201316,1320.5837058888167,1316.9490317474495,1330.0523989914084,1306.0837954882302,0.0246,0.105,0.0295,132.0,0.291,0.0919,0.2344,0.785,6920.0,4300.0,708.0,15500.0,3.46e-19,10700.0,1.0
66.84,1427.3412432592424,1138.9905524189605,1462.4810673475129,1324.3094068101236,1320.7279394407442,1333.6256619486721,1309.699198681906,0.0246,0.105,0.0295,132.0,0.291,0.0919,0.2344,0.785,6920.0,4300.0,708.0,15500.0,3.46e-19,10700.0,1.0
66.96,1430.9100168794278,1142.3578224980843,1466.3945657476966,1328.0431385246652,1324.5151273225977,1337.2064563828344,1313.322439669662,0.0246,0.105,0.0295,132.0,0.291,0.0919,0.2344,0.785,6920.0,4300.0,708.0,15500.0,3.46e-19,10700.0,1.0
67.08,1434.484734204278,1145.7350473613926,1470.3133165958611,1331.7849076458713,1328.3105988398836,1340.7947938138054,1316.953528637827,0.0246,0.105,0.0295,132.0,0.291,0.0919,0.2344,0.785,6920.0,4300.0,708.0,15500.0,3.46e-19,10700.0,1.0
67.2,1438.0654001792227,1149.1222564243562,1474.2373006407565,1335.5347207529064,1332.114357351102,1344.3906857724617,1320.5924757718342,0.0246,0.105,0.0295,132.0,0.291,0.0919,0.2344,0.785,6920.0,4300.0,708.0,15500.0,3.46e-19,10700.0,1.0
67.32,1441.6520197496918,1152.5194791883796,1478.1664985046805,1339.2925843905587,1335.9264061259323,1347.9941438006506,1324.2392912562073,0.0246,0.105,0.0295,132.0,0.291,0.0919,0.2344,0.785,6920.0,4300.0,708.0,15500.0,3.46e-19,10700.0,1.0
67.44,1445.2445978611165,1155.9267452410184,1482.1008906834556,1343.058505069125,1339.746748344792,1351.6051794511973,1327.8939852745514,0.0246,0.105,0.0295,132.0,0.291,0.0919,0.2344,0.785,6920.0,4300.0,708.0,15500.0,3.46e-19,10700.0,1.0
67.56,1448.8431394589263,1159.3440842561915,1486.040457546403,1346.8324892642954,1343.5753870983854,1355.223804287905,1331.556568009538,0.0246,0.105,0.0295,132.0,0.291,0.0919,0.2344,0.785,6920.0,4300.0,708.0,15500.0,3.46e-19,10700.0,1.0
67.67999999999999,1452.4476494885516,1162.771525994398,1489.98517933632,1350.6145434170396,1347.4123253872608,1358.8500298855615,1335.2270496428946,0.0246,0.105,0.0295,132.0,0.291,0.0919,0.2344,0.785,6920.0,4300.0,708.0,15500.0,3.46e-19,10700.0,1.0
67.8,1456.0581328954233,1166.2091003029327,1493.9350361694549,1354.404673933494,1351.257566121366,1362.4838678299436,1338.9054403553932,0.0246,0.105,0.0295,132.0,0.291,0.0919,0.2344,0.785,6920.0,4300.0,708.0,15500.0,3.46e-19,10700.0,1.0
67.92,1459.6745946249716,1169.6568371161002,1497.8900080354827,1358.2028871848452,1355.1111121195993,1366.1253297178196,1342.5917503268358,0.0246,0.105,0.0295,132.0,0.291,0.0919,0.2344,0.785,6920.0,4300.0,708.0,15500.0,3.46e-19,10700.0,1.0
68.03999999999999,1463.297039622627,1173.1147664554298,1501.8500747974804,1362.0091895072162,1358.9729661093659,1369.7744271569536,1346.2859897360443,0.0246,0.105,0.0295,132.0,0.291,0.0919,0.2344,0.785,6920.0,4300.0,708.0,15500.0,3.46e-19,10700.0,1.0
68.16,1466.9254728338203,1176.5829184298939,1505.8152161919054,1365.8235872015546,1362.8431307261326,1373.4311717661124,1349.9881687608486,0.0246,0.105,0.0295,132.0,0.291,0.0919,0.2344,0.785,6920.0,4300.0,708.0,15500.0,3.46e-19,10700.0,1.0
68.28,1470.559899203982,1180.0613232361188,1509.7854118285677,1369.6460865335146,1366.7216085129799,1377.0955751750657,1353.6982975780734,0.0246,0.105,0.0295,132.0,0.291,0.0919,0.2344,0.785,6920.0,4300.0,708.0,15500.0,3.46e-19,10700.0,1.0
68.39999999999999,1474.200323678536,1183.5500114327663,1513.7606432980185,1373.4766939591912,1370.6084017455096,1380.7676490247707,1357.4163863945855,0.0246,0.105,0.0295,132.0,0.291,0.0919,0.2344,0.785,6920.0,4300.0,708.0,15500.0,3.46e-19,10700.0,1.0
68.52,1477.8467512028615,1187.0490156175601,1517.7409070606157,1377.3154175063041,1374.5035113632382,1384.4474049684668,1361.1424456372495,0.0246,0.105,0.0295,132.0,0.291,0.0919,0.2344,0.785,6920.0,4300.0,708.0,15500.0,3.46e-19,10700.0,1.0
68.64,1481.4991867224385,1190.5583641556732,1521.7261662370247,1381.1622616075736,1378.4069409644285,1388.134854667601,1364.8764852423806,0.0246,0.105,0.0295,132.0,0.291,0.0919,0.2344,0.785,6920.0,4300.0,708.0,15500.0,3.46e-19,10700.0,1.0
68.75999999999999,1485.1576351826964,1194.0780876258127,1525.7164001554875,1385.017232410485,1382.318692699496,1391.8300097960228,1368.6185153859838,0.0246,0.105,0.0295,132.0,0.291,0.0919,0.2344,0.785,6920.0,4300.0,708.0,15500.0,3.46e-19,10700.0,1.0
68.88,1488.8221015290667,1197.608216696566,1529.711588026291,1388.8803360276067,1386.2387686235134,1395.5328820386087,1372.3685462431295,0.0246,0.105,0.0295,132.0,0.291,0.0919,0.2344,0.785,6920.0,4300.0,708.0,15500.0,3.46e-19,10700.0,1.0
69.0,1492.4925907069792,1201.1487821266317,1533.7117089418905,1392.7515785364892,1390.1671706957502,1399.2434830912655,1376.1265879879418,0.0246,0.105,0.0295,132.0,0.291,0.0919,0.2344,0.785,6920.0,4300.0,708.0,15500.0,3.46e-19,10700.0,1.0
69.12,1496.169107661864,1204.6998147650568,1537.7167418770362,1396.6309659795672,1394.1039007792162,1402.9618246609336,1379.89265079359,0.0246,0.105,0.0295,132.0,0.291,0.0919,0.2344,0.785,6920.0,4300.0,708.0,15500.0,3.46e-19,10700.0,1.0
69.24,1499.8516573391514,1208.2613455514702,1541.7266656888971,1400.5185043640624,1398.0489606402027,1406.687918465593,1383.6667448322787,0.0246,0.105,0.0295,132.0,0.291,0.0919,0.2344,0.785,6920.0,4300.0,708.0,15500.0,3.46e-19,10700.0,1.0
69.36,1503.540244684273,1211.8334055163189,1545.7414591171894,1404.414199661886,1402.0023519478254,1410.4217762342664,1387.4488802752387,0.0246,0.105,0.0295,132.0,0.291,0.0919,0.2344,0.785,6920.0,4300.0,708.0,15500.0,3.46e-19,10700.0,1.0
69.48,1507.234874642658,1215.4160257811,1549.761100784297,1408.3180578095373,1405.964076273565,1414.163409707024,1391.2390672927147,0.0246,0.105,0.0295,132.0,0.291,0.0919,0.2344,0.785,6920.0,4300.0,708.0,15500.0,3.46e-19,10700.0,1.0
69.6,1510.9355521597372,1219.0092375585973,1553.7855691953998,1412.2300847080082,1409.9341350908091,1417.912830634985,1395.0373160539573,0.0246,0.105,0.0295,132.0,0.291,0.0919,0.2344,0.785,6920.0,4300.0,708.0,15500.0,3.46e-19,10700.0,1.0
69.72,1514.6422821809417,1222.6130721531167,1557.8148427385988,1416.1502862226853,1413.912529774396,1421.6700507803275,1398.8436367272136,0.0246,0.105,0.0295,132.0,0.291,0.0919,0.2344,0.785,6920.0,4300.0,708.0,15500.0,3.46e-19,10700.0,1.0
69.84,1518.355069651702,1226.2275609607184,1561.8488996850397,1420.0786681832483,1417.899261600154,1425.4350819162864,1402.6580394797159,0.0246,0.105,0.0295,132.0,0.291,0.0919,0.2344,0.785,6920.0,4300.0,708.0,15500.0,3.46e-19,10700.0,1.0
69.96,1522.073919517448,1229.8527354694525,1565.8877181890384,1424.0152363835753,1421.8943317444443,1429.2079358271603,1406.4805344776717,0.0246,0.105,0.0295,132.0,0.291,0.0919,0.2344,0.785,6920.0,4300.0,708.0,15500.0,3.46e-19,10700.0,1.0
70.08,1525.7988367236119,1233.4886272595954,1569.9312762882084,1427.959996581643,1425.8977412837044,1432.9886243083174,1410.311131886256,0.0246,0.105,0.0295,132.0,0.291,0.0919,0.2344,0.785,6920.0,4300.0,708.0,15500.0,3.46e-19,10700.0,1.0
70.2,1529.5298262156232,1237.1352680038822,1573.979551903583,1431.9129544994287,1429.9094911939876,1436.7771591661963,1414.1498418695987,0.0246,0.105,0.0295,132.0,0.291,0.0919,0.2344,0.785,6920.0,4300.0,708.0,15500.0,3.46e-19,10700.0,1.0
70.32,1533.266892938913,1240.7926894677414,1578.032522839741,1435.8741158228106,1433.9295823505054,1440.5735522183115,1417.9966745907764,0.0246,0.105,0.0295,132.0,0.291,0.0919,0.2344,0.785,6920.0,4300.0,708.0,15500.0,3.46e-19,10700.0,1.0
70.44,1537.0100418389127,1244.4609235095324,1582.0901667849348,1439.8434862014735,1437.958015527172,1444.3778152932598,1421.8516402118028,0.0246,0.105,0.0295,132.0,0.291,0.0919,0.2344,0.785,6920.0,4300.0,708.0,15500.0,3.46e-19,10700.0,1.0
70.56,1540.7592778610529,1248.1400020807764,1586.1524613112113,1443.8210712488053,1441.994791396142,1448.1899602307203,1425.714748893617,0.0246,0.105,0.0295,132.0,0.291,0.0919,0.2344,0.785,6920.0,4300.0,708.0,15500.0,3.46e-19,10700.0,1.0
70.67999999999999,1544.514605950764,1251.8299572263927,1590.2193838745395,1447.8068765418025,1446.039910527355,1452.0099988814611,1429.586010796075,0.0246,0.105,0.0295,132.0,0.291,0.0919,0.2344,0.785,6920.0,4300.0,708.0,15500.0,3.46e-19,10700.0,1.0
70.8,1548.2760310534782,1255.5308210849346,1594.2909118149366,1451.8009076209714,1450.0933733880777,1455.8379431073442,1433.465436077941,0.0246,0.105,0.0295,132.0,0.291,0.0919,0.2344,0.785,6920.0,4300.0,708.0,15500.0,3.46e-19,10700.0,1.0
70.92,1552.043558114626,1259.242625888822,1598.36702235659,1455.8031699902283,1454.155180342444,1459.6738047813276,1437.353034896874,0.0246,0.105,0.0295,132.0,0.291,0.0919,0.2344,0.785,6920.0,4300.0,708.0,15500.0,3.46e-19,10700.0,1.0
71.03999999999999,1555.817192079638,1262.9654039645764,1602.447692607985,1459.8136691168017,1458.2253316509978,1463.5175957874699,1441.2488174094215,0.0246,0.105,0.0295,132.0,0.291,0.0919,0.2344,0.785,6920.0,4300.0,708.0,15500.0,3.46e-19,10700.0,1.0
71.16,1559.5969378939465,1266.6991877330577,1606.53289956203,1463.8324104311366,1462.303827470236,1467.3693280209363,1445.1527937710077,0.0246,0.105,0.0295,132.0,0.291,0.0919,0.2344,0.785,6920.0,4300.0,708.0,15500.0,3.46e-19,10700.0,1.0
71.28,1563.3828005029823,1270.4440097096956,1610.6226200961798,1467.8593993267923,1466.3906678521485,1471.229013388,1449.0649741359246,0.0246,0.105,0.0295,132.0,0.291,0.0919,0.2344,0.785,6920.0,4300.0,708.0,15500.0,3.46e-19,10700.0,1.0
71.39999999999999,1567.174784852176,1274.1999025047262,1614.7168309725623,1471.894641160346,1470.48585274376,1475.0966638060484,1452.9853686573201,0.0246,0.105,0.0295,132.0,0.291,0.0919,0.2344,0.785,6920.0,4300.0,708.0,15500.0,3.46e-19,10700.0,1.0
71.52,1570.97289588696,1277.9668988234273,1618.8155088381038,1475.9381412512962,1474.5893819866753,1478.9722912035868,1456.913987487192,0.0246,0.105,0.0295,132.0,0.291,0.0919,0.2344,0.785,6920.0,4300.0,708.0,15500.0,3.46e-19,10700.0,1.0
71.64,1574.7771385527656,1281.7450314663508,1622.9186302246528,1479.9899048819614,1478.7012553166162,1482.8559075202418,1460.850840776374,0.0246,0.105,0.0295,132.0,0.291,0.0919,0.2344,0.785,6920.0,4300.0,708.0,15500.0,3.46e-19,10700.0,1.0
71.75999999999999,1578.5875177950234,1285.5343333295589,1627.026171549106,1484.049937297383,1482.821472362967,1486.747524706766,1464.7959386745279,0.0246,0.105,0.0295,132.0,0.291,0.0919,0.2344,0.785,6920.0,4300.0,708.0,15500.0,3.46e-19,10700.0,1.0
71.88,1582.4040385590745,1289.3348392806074,1631.1381237278663,1488.1182454839015,1486.950032926985,1490.6471547230994,1468.7492915343646,0.0246,0.105,0.0295,132.0,0.291,0.0919,0.2344,0.785,6920.0,4300.0,708.0,15500.0,3.46e-19,10700.0,1.0
72.0,1586.2267057903805,1293.1465817888427,1635.2544581299105,1492.1948340252768,1491.0869363321244,1494.5548095429003,1472.710909435837,0.0246,0.105,0.0295,132.0,0.291,0.0919,0.2344,0.785,6920.0,4300.0,708.0,15500.0,3.46e-19,10700.0,1.0
72.11999999999999,1590.0555244344123,1296.9695932198722,1639.3751444517711,1496.279707278091,1495.2321817644204,1498.470501151172,1476.6808024359245,0.0246,0.105,0.0295,132.0,0.291,0.0919,0.2344,0.785,6920.0,4300.0,708.0,15500.0,3.46e-19,10700.0,1.0
72.24,1593.890499436601,1300.8039068854437,1643.5001588956386,1500.3728703669758,1499.385768427972,1502.3942415431807,1480.6589806829106,0.0246,0.105,0.0295,132.0,0.291,0.0919,0.2344,0.785,6920.0,4300.0,708.0,15500.0,3.46e-19,10700.0,1.0
72.36,1597.7316357423763,1304.649556195196,1647.6294775587985,1504.4743283799392,1503.5476954184269,1506.326042725338,1484.6454543239872,0.0246,0.105,0.0295,132.0,0.291,0.0919,0.2344,0.785,6920.0,4300.0,708.0,15500.0,3.46e-19,10700.0,1.0
72.48,1601.5789382971689,1308.5065746569164,1651.7630764339162,1508.5840863682893,1507.7179617225297,1510.2659167152049,1488.6402335052494,0.0246,0.105,0.0295,132.0,0.291,0.0919,0.2344,0.785,6920.0,4300.0,708.0,15500.0,3.46e-19,10700.0,1.0
72.6,1605.432412046408,1312.3749958767942,1655.9009314093198,1512.7021493465547,1511.8965662176638,1514.213875541496,1492.6433283716863,0.0246,0.105,0.0295,132.0,0.291,0.0919,0.2344,0.785,6920.0,4300.0,708.0,15500.0,3.46e-19,10700.0,1.0
72.72,1609.2920619355248,1316.2548535596773,1660.0430182692858,1516.8285222924071,1516.0835076713997,1518.169931244085,1496.654749067176,0.0246,0.105,0.0295,132.0,0.291,0.0919,0.2344,0.785,6920.0,4300.0,708.0,15500.0,3.46e-19,10700.0,1.0
72.84,1613.1578929099494,1320.146181509325,1664.1893126943178,1520.9632101465788,1520.2787847410366,1522.1340958740068,1500.6745057344745,0.0246,0.105,0.0295,132.0,0.291,0.0919,0.2344,0.785,6920.0,4300.0,708.0,15500.0,3.46e-19,10700.0,1.0
72.96,1617.0299099151114,1324.0490136286637,1668.3397902614342,1525.1062178127863,1524.4823959731484,1526.1063814934619,1504.7026085152092,0.0246,0.105,0.0295,132.0,0.291,0.0919,0.2344,0.785,6920.0,4300.0,708.0,15500.0,3.46e-19,10700.0,1.0
73.08,1620.908117896442,1327.9633839200442,1672.4944264444505,1529.257550157652,1528.6943398031303,1530.0868001758229,1508.739067549874,0.0246,0.105,0.0295,132.0,0.291,0.0919,0.2344,0.785,6920.0,4300.0,708.0,15500.0,3.46e-19,10700.0,1.0
73.2,1624.7925217993711,1331.8893264854923,1676.653196614261,1533.4172120106225,1532.9146145547413,1534.0753640056355,1512.7838929778172,0.0246,0.105,0.0295,132.0,0.291,0.0919,0.2344,0.785,6920.0,4300.0,708.0,15500.0,3.46e-19,10700.0,1.0
73.32,1628.6831265693281,1335.8268755269671,1680.8160760391243,1537.5852081638905,1537.1432184396492,1538.0720850786238,1516.8370949372359,0.0246,0.105,0.0295,132.0,0.291,0.0919,0.2344,0.785,6920.0,4300.0,708.0,15500.0,3.46e-19,10700.0,1.0
73.44,1632.5799371517446,1339.776065346616,1684.9830398849465,1541.7615433723183,1541.3801495569785,1542.0769755016963,1520.8986835651701,0.0246,0.105,0.0295,132.0,0.291,0.0919,0.2344,0.785,6920.0,4300.0,708.0,15500.0,3.46e-19,10700.0,1.0
73.56,1636.48295849205,1343.7369303470268,1689.1540632155627,1545.9462223533556,1545.6254058928519,1546.0900473929469,1524.9686689974922,0.0246,0.105,0.0295,132.0,0.291,0.0919,0.2344,0.785,6920.0,4300.0,708.0,15500.0,3.46e-19,10700.0,1.0
73.67999999999999,1640.3921955356745,1347.7095050314854,1693.3291209930221,1550.139249786961,1549.878985319936,1550.1113128816605,1529.0470613688997,0.0246,0.105,0.0295,132.0,0.291,0.0919,0.2344,0.785,6920.0,4300.0,708.0,15500.0,3.46e-19,10700.0,1.0
73.8,1644.307653228049,1351.6938240042305,1697.5081880778723,1554.3406303155257,1554.1408855969883,1554.1407841083185,1533.1338708129103,0.0246,0.105,0.0295,132.0,0.291,0.0919,0.2344,0.785,6920.0,4300.0,708.0,15500.0,3.46e-19,10700.0,1.0
73.92,1648.2293365146036,1355.689921970707,1701.69123922944,1558.550368543791,1558.4111043683988,1558.1784732246003,1537.2291074618506,0.0246,0.105,0.0295,132.0,0.291,0.0919,0.2344,0.785,6920.0,4300.0,708.0,15500.0,3.46e-19,10700.0,1.0
74.03999999999999,1652.1572503407679,1359.6978337378218,1705.878249106116,1562.7684690387705,1562.6896391637374,1562.224392393389,1541.3327814468503,0.0246,0.105,0.0295,132.0,0.291,0.0919,0.2344,0.785,6920.0,4300.0,708.0,15500.0,3.46e-19,10700.0,1.0
74.16,1656.0913996519728,1363.7175942142003,1710.0691922656401,1566.9949363296732,1566.9764873972986,1566.278553788776,1545.4449028978354,0.0246,0.105,0.0295,132.0,0.291,0.0919,0.2344,0.785,6920.0,4300.0,708.0,15500.0,3.46e-19,10700.0,1.0
74.28,1660.0317893936485,1367.7492384104382,1714.264043165381,1571.2297749078214,1571.2716463676447,1570.3409695960638,1549.5654819435183,0.0246,0.105,0.0295,132.0,0.291,0.0919,0.2344,0.785,6920.0,4300.0,708.0,15500.0,3.46e-19,10700.0,1.0
74.39999999999999,1663.9784245112246,1371.7928014393585,1718.462776162622,1575.4729892265725,1575.575113257152,1574.41165201177,1553.6945287113913,0.0246,0.105,0.0295,132.0,0.291,0.0919,0.2344,0.785,6920.0,4300.0,708.0,15500.0,3.46e-19,10700.0,1.0
74.52,1667.9313099501326,1375.848318516268,1722.6653655148452,1579.7245837012426,1579.8868851315563,1578.4906132436342,1557.8320533277201,0.0246,0.105,0.0295,132.0,0.291,0.0919,0.2344,0.785,6920.0,4300.0,708.0,15500.0,3.46e-19,10700.0,1.0
74.64,1671.890450655802,1379.9158249592078,1726.8717853800126,1583.9845627090235,1584.2069589394964,1582.5778655106183,1561.9780659175342,0.0246,0.105,0.0295,132.0,0.291,0.0919,0.2344,0.785,6920.0,4300.0,708.0,15500.0,3.46e-19,10700.0,1.0
74.75999999999999,1675.8558515736624,1383.9953561892123,1731.0820098168504,1588.252930588906,1588.5353315120592,1586.6734210429127,1566.132576604619,0.0246,0.105,0.0295,132.0,0.291,0.0919,0.2344,0.785,6920.0,4300.0,708.0,15500.0,3.46e-19,10700.0,1.0
74.88,1679.8275176491456,1388.086947730563,1735.296012785134,1592.5296916416016,1592.8719995623262,1590.7772920819414,1570.2955955115117,0.0246,0.105,0.0295,132.0,0.291,0.0919,0.2344,0.785,6920.0,4300.0,708.0,15500.0,3.46e-19,10700.0,1.0
75.0,1683.805453827681,1392.1906352110427,1739.5137681459696,1596.8148501294615,1597.2169596849164,1594.8894908803638,1574.4671327594888,0.0246,0.105,0.0295,132.0,0.291,0.0919,0.2344,0.785,6920.0,4300.0,708.0,15500.0,3.46e-19,10700.0,1.0
75.11999999999999,1687.7896650546984,1396.3064543621902,1743.7352496620765,1601.108410276398,1601.5702083555316,1599.0100297020797,1578.647198468561,0.0246,0.105,0.0295,132.0,0.291,0.0919,0.2344,0.785,6920.0,4300.0,708.0,15500.0,3.46e-19,10700.0,1.0
75.24,1691.7801562756204,1400.4344417149434,1747.9604359699404,1605.4103769486069,1605.9317426060572,1603.1389208209707,1582.8358028228445,0.0246,0.105,0.0295,132.0,0.291,0.0919,0.2344,0.785,6920.0,4300.0,708.0,15500.0,3.46e-19,10700.0,1.0
75.36,1695.7769324358544,1404.57463500613,1752.1893134846177,1609.7207560522045,1610.3015604187583,1607.276176520165,1587.0329561087412,0.0246,0.105,0.0295,132.0,0.291,0.0919,0.2344,0.785,6920.0,4300.0,708.0,15500.0,3.46e-19,10700.0,1.0
75.48,1699.779998480856,1408.72706824741,1756.4218411421275,1614.0395497052716,1614.679655935146,1611.421809101004,1591.2386682513152,0.0246,0.105,0.0295,132.0,0.291,0.0919,0.2344,0.785,6920.0,4300.0,708.0,15500.0,3.46e-19,10700.0,1.0
75.6,1703.7893593560543,1412.8917776211385,1760.6579925521348,1618.3667620097187,1619.066025182995,1615.5758308723312,1595.4529493685611,0.0246,0.105,0.0295,132.0,0.291,0.0919,0.2344,0.785,6920.0,4300.0,708.0,15500.0,3.46e-19,10700.0,1.0
75.72,1707.8050200068806,1417.068799416,1764.897741236607,1622.7023970298944,1623.4606640701488,1619.7382541542504,1599.6758095772927,0.0246,0.105,0.0295,132.0,0.291,0.0919,0.2344,0.785,6920.0,4300.0,708.0,15500.0,3.46e-19,10700.0,1.0
75.84,1711.826985378764,1421.2581700272824,1769.1410606302518,1627.0464587925237,1627.8635683840835,1623.9090912781276,1603.9072589931347,0.0246,0.105,0.0295,132.0,0.291,0.0919,0.2344,0.785,6920.0,4300.0,708.0,15500.0,3.46e-19,10700.0,1.0
75.96,1715.8552604171339,1425.4599259571553,1773.3879240809579,1631.3989512866528,1632.2747337914736,1628.0883545865947,1608.1473077305177,0.0246,0.105,0.0295,132.0,0.291,0.0919,0.2344,0.785,6920.0,4300.0,708.0,15500.0,3.46e-19,10700.0,1.0
76.08,1719.8898500674206,1429.6741038149485,1777.6383048502382,1635.7598784635925,1636.6941558377623,1632.2760564335579,1612.3959659026743,0.0246,0.105,0.0295,132.0,0.291,0.0919,0.2344,0.785,6920.0,4300.0,708.0,15500.0,3.46e-19,10700.0,1.0
76.2,1723.930759275054,1433.9007403174264,1781.8921761136662,1640.1292442368579,1641.1218299467225,1636.4722091841961,1616.6532436216312,0.0246,0.105,0.0295,132.0,0.291,0.0919,0.2344,0.785,6920.0,4300.0,708.0,15500.0,3.46e-19,10700.0,1.0
76.32,1727.977992985463,1438.1398722890656,1786.149510961317,1644.5070524821126,1645.5577514200254,1640.6768252149682,1620.9191509982045,0.0246,0.105,0.0295,132.0,0.291,0.0919,0.2344,0.785,6920.0,4300.0,708.0,15500.0,3.46e-19,10700.0,1.0
76.44,1732.0315561440784,1442.391536662334,1790.4102823982112,1648.8933070371124,1650.001915436809,1644.8899169136182,1625.1936981419958,0.0246,0.105,0.0295,132.0,0.291,0.0919,0.2344,0.785,6920.0,4300.0,708.0,15500.0,3.46e-19,10700.0,1.0
76.56,1736.0914536963292,1446.6557704779634,1794.6744633447497,1653.288011701645,1654.4543170532395,1649.111496679176,1629.476895161383,0.0246,0.105,0.0295,132.0,0.291,0.0919,0.2344,0.785,6920.0,4300.0,708.0,15500.0,3.46e-19,10700.0,1.0
76.67999999999999,1740.157690587645,1450.9326108852301,1798.9420266371571,1657.6911702374734,1658.9149512020808,1653.3415769219637,1633.7687521635178,0.0246,0.105,0.0295,132.0,0.291,0.0919,0.2344,0.785,6920.0,4300.0,708.0,15500.0,3.46e-19,10700.0,1.0
76.8,1744.230271763456,1455.2220951422316,1803.2129450279226,1662.1027863682812,1663.3838126922612,1657.5801700635998,1638.0692792543193,0.0246,0.105,0.0295,132.0,0.291,0.0919,0.2344,0.785,6920.0,4300.0,708.0,15500.0,3.46e-19,10700.0,1.0
76.92,1748.3092021691914,1459.5242606161605,1807.4871911862379,1666.5228637796097,1667.8608962084365,1661.8272885370022,1642.3784865384678,0.0246,0.105,0.0295,132.0,0.291,0.0919,0.2344,0.785,6920.0,4300.0,708.0,15500.0,3.46e-19,10700.0,1.0
77.03999999999999,1752.3944867502807,1463.8391447835838,1811.7647376984378,1670.951406118805,1672.346196310559,1666.0829447863928,1646.6963841193985,0.0246,0.105,0.0295,132.0,0.291,0.0919,0.2344,0.785,6920.0,4300.0,708.0,15500.0,3.46e-19,10700.0,1.0
77.16,1756.486130452154,1468.1667852307205,1816.0455570684435,1675.3884169949588,1676.8397074334432,1670.3471512673025,1651.0229820992993,0.0246,0.105,0.0295,132.0,0.291,0.0919,0.2344,0.785,6920.0,4300.0,708.0,15500.0,3.46e-19,10700.0,1.0
77.28,1760.5841382202407,1472.5072196537164,1820.3296217181987,1679.833899978851,1681.3414238863306,1674.6199204465731,1655.3582905791006,0.0246,0.105,0.0295,132.0,0.291,0.0919,0.2344,0.785,6920.0,4300.0,708.0,15500.0,3.46e-19,10700.0,1.0
77.39999999999999,1764.6885149999696,1476.8604858589213,1824.6169039881115,1684.2878586028908,1685.8513398524572,1678.9012648023636,1659.7023196584728,0.0246,0.105,0.0295,132.0,0.291,0.0919,0.2344,0.785,6920.0,4300.0,708.0,15500.0,3.46e-19,10700.0,1.0
77.52,1768.7992657367713,1481.2266217631684,1828.9073761374966,1688.7502963610625,1690.3694493886203,1683.1911968241536,1664.0550794358203,0.0246,0.105,0.0295,132.0,0.291,0.0919,0.2344,0.785,6920.0,4300.0,708.0,15500.0,3.46e-19,10700.0,1.0
77.64,1772.916395376075,1485.605665394048,1833.2010103450118,1693.2212167088642,1694.8957464247428,1687.4897290127467,1668.416580008275,0.0246,0.105,0.0295,132.0,0.291,0.0919,0.2344,0.785,6920.0,4300.0,708.0,15500.0,3.46e-19,10700.0,1.0
77.75999999999999,1777.0399088633094,1489.997654890185,1837.4977787091009,1697.7006230632526,1699.43022476344,1691.7968738802747,1672.7868314716904,0.0246,0.105,0.0295,132.0,0.291,0.0919,0.2344,0.785,6920.0,4300.0,708.0,15500.0,3.46e-19,10700.0,1.0
77.88,1781.1698111439048,1494.4026285015186,1841.7976532484338,1702.1885188025853,1703.9728780795886,1696.1126439502038,1677.1658439206387,0.0246,0.105,0.0295,132.0,0.291,0.0919,0.2344,0.785,6920.0,4300.0,708.0,15500.0,3.46e-19,10700.0,1.0
78.0,1785.3061071632903,1498.8206245895758,1846.1006059023455,1706.6849072665627,1708.5236999198878,1700.4370517573354,1681.5536274484016,0.0246,0.105,0.0295,132.0,0.291,0.0919,0.2344,0.785,6920.0,4300.0,708.0,15500.0,3.46e-19,10700.0,1.0
78.11999999999999,1789.448801866895,1503.2516816277491,1850.4066085312763,1711.1897917561696,1713.0826837024294,1704.7701098478117,1685.950192146966,0.0246,0.105,0.0295,132.0,0.291,0.0919,0.2344,0.785,6920.0,4300.0,708.0,15500.0,3.46e-19,10700.0,1.0
78.24,1793.597900200149,1507.6958382015757,1854.7156329172149,1715.7031755336207,1717.649822716264,1709.1118307791216,1690.3555481070207,0.0246,0.105,0.0295,132.0,0.291,0.0919,0.2344,0.785,6920.0,4300.0,708.0,15500.0,3.46e-19,10700.0,1.0
78.36,1797.753407108481,1512.153133009011,1859.027650764134,1720.2250618222995,1722.2251101209645,1713.4622271201015,1694.7697054179475,0.0246,0.105,0.0295,132.0,0.291,0.0919,0.2344,0.785,6920.0,4300.0,708.0,15500.0,3.46e-19,10700.0,1.0
78.48,1801.9153275373208,1516.623604860708,1863.3426336984346,1724.7554538067025,1726.8085389461944,1717.8213114509417,1699.192674167817,0.0246,0.105,0.0295,132.0,0.291,0.0919,0.2344,0.785,6920.0,4300.0,708.0,15500.0,3.46e-19,10700.0,1.0
78.6,1806.0836664320964,1521.107292680292,1867.6605532693832,1729.2943546323818,1731.4001020912729,1722.1890963631888,1703.6244644433825,0.0246,0.105,0.0295,132.0,0.291,0.0919,0.2344,0.785,6920.0,4300.0,708.0,15500.0,3.46e-19,10700.0,1.0
78.72,1810.2584287382765,1525.6042382004969,1871.9813969469558,1733.8417699062559,1735.999796994753,1726.565594456177,1708.0650865227944,0.0246,0.105,0.0295,132.0,0.291,0.0919,0.2344,0.785,6920.0,4300.0,708.0,15500.0,3.46e-19,10700.0,1.0
78.84,1814.4396194012675,1530.114478978828,1876.3051266750977,1738.3977012184237,1740.607613534599,1730.950818346293,1712.5145503762851,0.0246,0.105,0.0295,132.0,0.291,0.0919,0.2344,0.785,6920.0,4300.0,708.0,15500.0,3.46e-19,10700.0,1.0
78.96,1818.6272433664894,1534.638053704207,1880.631710360534,1742.962151063689,1745.2235432199348,1735.3447806599434,1716.972866045498,0.0246,0.105,0.0295,132.0,0.291,0.0919,0.2344,0.785,6920.0,4300.0,708.0,15500.0,3.46e-19,10700.0,1.0
79.08,1822.8213055793735,1539.1750017923969,1884.9611194707613,1747.5351224660049,1749.8475784892796,1739.7474940340967,1721.440043614544,0.0246,0.105,0.0295,132.0,0.291,0.0919,0.2344,0.785,6920.0,4300.0,708.0,15500.0,3.46e-19,10700.0,1.0
79.2,1827.0218109853488,1543.7253627749596,1889.29332540691,1752.1166184114302,1754.4797116511406,1744.1589711170961,1725.9160931662902,0.0246,0.105,0.0295,132.0,0.291,0.0919,0.2344,0.785,6920.0,4300.0,708.0,15500.0,3.46e-19,10700.0,1.0
79.32,1831.2287645298443,1548.2891762995607,1893.628299504331,1756.7066418480958,1759.119934883621,1748.579224568665,1730.401024782358,0.0246,0.105,0.0295,132.0,0.291,0.0919,0.2344,0.785,6920.0,4300.0,708.0,15500.0,3.46e-19,10700.0,1.0
79.44,1835.4421711582906,1552.8664821302716,1897.9660130331786,1761.3051956861705,1763.7682402340301,1753.0082670599118,1734.8948485431215,0.0246,0.105,0.0295,132.0,0.291,0.0919,0.2344,0.785,6920.0,4300.0,708.0,15500.0,3.46e-19,10700.0,1.0
79.56,1839.662035816117,1557.457320147867,1902.306437198994,1765.9122827978226,1768.424619618489,1757.4461112733318,1739.3975745276998,0.0246,0.105,0.0295,132.0,0.291,0.0919,0.2344,0.785,6920.0,4300.0,708.0,15500.0,3.46e-19,10700.0,1.0
79.67999999999999,1843.8883634487524,1562.0617303501276,1906.6495431432888,1770.527906017188,1773.0890648215393,1761.892769902812,1743.909212813955,0.0246,0.105,0.0295,132.0,0.291,0.0919,0.2344,0.785,6920.0,4300.0,708.0,15500.0,3.46e-19,10700.0,1.0
79.8,1848.1211590016278,1566.6797528521438,1910.9953019441314,1775.1520681403344,1777.7615674957535,1766.3482556536378,1748.4297734784896,0.0246,0.105,0.0295,132.0,0.291,0.0919,0.2344,0.785,6920.0,4300.0,708.0,15500.0,3.46e-19,10700.0,1.0
79.92,1852.3604274201718,1571.3114278866126,1915.343684616727,1779.7847719252252,1782.4421191613399,1770.8125812424926,1752.95926659664,0.0246,0.105,0.0295,132.0,0.291,0.0919,0.2344,0.785,6920.0,4300.0,708.0,15500.0,3.46e-19,10700.0,1.0
80.03999999999999,1856.6061736498139,1575.9567958041398,1919.694662114003,1784.4260200916844,1787.1307112057516,1775.2857593974643,1757.4977022424735,0.0246,0.105,0.0295,132.0,0.291,0.0919,0.2344,0.785,6920.0,4300.0,708.0,15500.0,3.46e-19,10700.0,1.0
80.16,1860.8584026359845,1580.6158970735448,1924.0482053271953,1789.0758153213644,1791.8273348832977,1779.767802858051,1762.0450904887866,0.0246,0.105,0.0295,132.0,0.291,0.0919,0.2344,0.785,6920.0,4300.0,708.0,15500.0,3.46e-19,10700.0,1.0
80.28,1865.1171193241123,1585.2887722821558,1928.4042850864278,1793.7341602577064,1796.5319813147464,1784.2587243751616,1766.601441407098,0.0246,0.105,0.0295,132.0,0.291,0.0919,0.2344,0.785,6920.0,4300.0,708.0,15500.0,3.46e-19,10700.0,1.0
80.39999999999999,1869.382328659627,1589.975462136115,1932.7628721612984,1798.4010575059078,1801.244641486936,1788.7585367111212,1771.1667650676459,0.0246,0.105,0.0295,132.0,0.291,0.0919,0.2344,0.785,6920.0,4300.0,708.0,15500.0,3.46e-19,10700.0,1.0
80.52,1873.6540355879588,1594.6760074606793,1937.1239372614646,1803.076509632889,1805.9653062523844,1793.2672526396773,1775.7410715393858,0.0246,0.105,0.0295,132.0,0.291,0.0919,0.2344,0.785,6920.0,4300.0,708.0,15500.0,3.46e-19,10700.0,1.0
80.64,1877.9322450545367,1599.3904492005195,1941.4874510372233,1807.760519167254,1810.6939663288936,1797.7848849460001,1780.3243708899838,0.0246,0.105,0.0295,132.0,0.291,0.0919,0.2344,0.785,6920.0,4300.0,708.0,15500.0,3.46e-19,10700.0,1.0
80.75999999999999,1882.2169620047896,1604.1188284200218,1945.853384080097,1812.4530885992579,1815.4306122991597,1802.3114464266891,1784.9166731858138,0.0246,0.105,0.0295,132.0,0.291,0.0919,0.2344,0.785,6920.0,4300.0,708.0,15500.0,3.46e-19,10700.0,1.0
80.88,1886.5081913841482,1608.8611863035926,1950.221706923419,1817.1542203807726,1820.175234610383,1806.8469498897775,1789.517988491956,0.0246,0.105,0.0295,132.0,0.291,0.0919,0.2344,0.785,6920.0,4300.0,708.0,15500.0,3.46e-19,10700.0,1.0
81.0,1890.8059381380415,1613.6175641559537,1954.592390042914,1821.86391692525,1824.9278235738723,1811.3914081547346,1794.1283268721886,0.0246,0.105,0.0295,132.0,0.291,0.0919,0.2344,0.785,6920.0,4300.0,708.0,15500.0,3.46e-19,10700.0,1.0
81.11999999999999,1895.1102072118983,1618.3880034024464,1958.9654038572835,1826.5821806076863,1829.6883693646546,1815.944834052469,1798.7476983889871,0.0246,0.105,0.0295,132.0,0.291,0.0919,0.2344,0.785,6920.0,4300.0,708.0,15500.0,3.46e-19,10700.0,1.0
81.24,1899.4210035511492,1623.1725455893352,1963.340718728791,1831.3090137645902,1834.4568620210857,1820.507240425338,1803.3761131035208,0.0246,0.105,0.0295,132.0,0.291,0.0919,0.2344,0.785,6920.0,4300.0,708.0,15500.0,3.46e-19,10700.0,1.0
81.36,1903.7383321012228,1627.9712323841031,1967.718304963843,1836.0444186939446,1839.2332914444542,1825.0786401271444,1808.0135810756458,0.0246,0.105,0.0295,132.0,0.291,0.0919,0.2344,0.785,6920.0,4300.0,708.0,15500.0,3.46e-19,10700.0,1.0
81.48,1908.062197807549,1632.7841055757576,1972.0981328135742,1840.7883976551727,1844.0176473985919,1829.6590460231455,1812.660112363904,0.0246,0.105,0.0295,132.0,0.291,0.0919,0.2344,0.785,6920.0,4300.0,708.0,15500.0,3.46e-19,10700.0,1.0
81.6,1912.3926056155565,1637.6112070751285,1976.480172474432,1845.540952869102,1848.8099195094812,1834.2484709900552,1817.3157170255183,0.0246,0.105,0.0295,132.0,0.291,0.0919,0.2344,0.785,6920.0,4300.0,708.0,15500.0,3.46e-19,10700.0,1.0
81.72,1916.7295604706756,1642.4525789151726,1980.8643940887603,1850.3020865179324,1853.6100972648655,1838.8469279160502,1821.9804051163894,0.0246,0.105,0.0295,132.0,0.291,0.0919,0.2344,0.785,6920.0,4300.0,708.0,15500.0,3.46e-19,10700.0,1.0
81.84,1921.0730673183352,1647.3082632512705,1985.250767745381,1855.0718007451967,1858.4181700138538,1843.4544297007703,1826.65418669109,0.0246,0.105,0.0295,132.0,0.291,0.0919,0.2344,0.785,6920.0,4300.0,708.0,15500.0,3.46e-19,10700.0,1.0
81.96,1925.4231311039644,1652.1783023615308,1989.63926348018,1859.850097655728,1863.2341269665299,1848.0709892553257,1831.3370718028623,0.0246,0.105,0.0295,132.0,0.291,0.0919,0.2344,0.785,6920.0,4300.0,708.0,15500.0,3.46e-19,10700.0,1.0
82.08,1929.7797567730083,1657.0627399641803,1994.0298572245663,1864.636980430327,1868.057960385172,1852.6966195013665,1836.029070572401,0.0246,0.105,0.0295,132.0,0.291,0.0919,0.2344,0.785,6920.0,4300.0,708.0,15500.0,3.46e-19,10700.0,1.0
82.2,1934.1429492709108,1661.9616198766214,1998.422524749103,1869.4324521905812,1872.8896623337193,1857.3313333720378,1840.7301931178008,0.0246,0.105,0.0295,132.0,0.291,0.0919,0.2344,0.785,6920.0,4300.0,708.0,15500.0,3.46e-19,10700.0,1.0
82.32,1938.512713543077,1666.8749826982453,2002.8172266825823,1874.2365131911188,1877.7292166383536,1861.975143814333,1845.440449381293,0.0246,0.105,0.0295,132.0,0.291,0.0919,0.2344,0.785,6920.0,4300.0,708.0,15500.0,3.46e-19,10700.0,1.0
82.44,1942.8890545349382,1671.8028712414955,2007.2139330374916,1879.0491654158275,1882.5766120470762,1866.6280637852528,1850.1598494128718,0.0246,0.105,0.0295,132.0,0.291,0.0919,0.2344,0.785,6920.0,4300.0,708.0,15500.0,3.46e-19,10700.0,1.0
82.56,1947.2719771919233,1676.745328444618,2011.6126137833994,1883.8704108110476,1887.4318371707134,1871.2901062532846,1854.8884032612605,0.0246,0.105,0.0295,132.0,0.291,0.0919,0.2344,0.785,6920.0,4300.0,708.0,15500.0,3.46e-19,10700.0,1.0
82.67999999999999,1951.6614864594612,1681.7023973719909,2016.013238847657,1888.7002512855627,1892.2948804825874,1875.9612841984083,1859.6261209739125,0.0246,0.105,0.0295,132.0,0.291,0.0919,0.2344,0.785,6920.0,4300.0,708.0,15500.0,3.46e-19,10700.0,1.0
82.8,1956.0575872829834,1686.6741212144534,2020.415778116107,1893.5386887105867,1897.1657303181923,1880.641610612102,1864.3730125970105,0.0246,0.105,0.0295,132.0,0.291,0.0919,0.2344,0.785,6920.0,4300.0,708.0,15500.0,3.46e-19,10700.0,1.0
82.92,1960.4602846079188,1691.6605432896306,2024.8202014337812,1898.3857249197492,1902.0443748748637,1885.3310984973436,1869.1290881754599,0.0246,0.105,0.0295,132.0,0.291,0.0919,0.2344,0.785,6920.0,4300.0,708.0,15500.0,3.46e-19,10700.0,1.0
83.03999999999999,1964.8695833796967,1696.6617070422622,2029.2264786056078,1903.241361709084,1906.9308022114506,1890.0297608686146,1873.8943577528878,0.0246,0.105,0.0295,132.0,0.291,0.0919,0.2344,0.785,6920.0,4300.0,708.0,15500.0,3.46e-19,10700.0,1.0
83.16,1969.285488543748,1701.6776560445323,2033.6345793971152,1908.1056008370185,1911.8250002479913,1894.7376107519074,1878.6688313716438,0.0246,0.105,0.0295,132.0,0.291,0.0919,0.2344,0.785,6920.0,4300.0,708.0,15500.0,3.46e-19,10700.0,1.0
83.28,1973.708005045502,1706.708433996393,2038.044473535133,1912.978444024357,1916.7269567653818,1899.4546611847259,1883.452519072792,0.0246,0.105,0.0295,132.0,0.291,0.0919,0.2344,0.785,6920.0,4300.0,708.0,15500.0,3.46e-19,10700.0,1.0
83.39999999999999,1978.1371378303877,1711.7540847258952,2042.4561307084975,1917.8598929542707,1921.6366594050503,1904.1809252160901,1888.245430896112,0.0246,0.105,0.0295,132.0,0.291,0.0919,0.2344,0.785,6920.0,4300.0,708.0,15500.0,3.46e-19,10700.0,1.0
83.52,1982.5728918438363,1716.8146521895155,2046.8695205687568,1922.7499492722861,1926.554095668631,1908.9164159065433,1893.0475768800973,0.0246,0.105,0.0295,132.0,0.291,0.0919,0.2344,0.785,6920.0,4300.0,708.0,15500.0,3.46e-19,10700.0,1.0
83.64,1987.015272031277,1721.8901804724828,2051.284612730871,1927.648614586269,1931.4792529176327,1913.6611463281517,1897.8589670619488,0.0246,0.105,0.0295,132.0,0.291,0.0919,0.2344,0.785,6920.0,4300.0,708.0,15500.0,3.46e-19,10700.0,1.0
83.75999999999999,1991.4642833381388,1726.9807137891066,2055.701376773917,1932.5558904664144,1936.4121183731143,1918.4151295645106,1902.6796114775752,0.0246,0.105,0.0295,132.0,0.291,0.0919,0.2344,0.785,6920.0,4300.0,708.0,15500.0,3.46e-19,10700.0,1.0
83.88,1995.919930709853,1732.0862964831063,2060.1197822417953,1937.4717784452341,1941.3526791153568,1923.1783787107497,1907.5095201615923,0.0246,0.105,0.0295,132.0,0.291,0.0919,0.2344,0.785,6920.0,4300.0,708.0,15500.0,3.46e-19,10700.0,1.0
84.0,2000.3822190918486,1737.2069730279347,2064.5397986439293,1942.3962800175423,1946.300922083535,1927.9509068735347,1912.3487031473157,0.0246,0.105,0.0295,132.0,0.291,0.0919,0.2344,0.785,6920.0,4300.0,708.0,15500.0,3.46e-19,10700.0,1.0
84.11999999999999,2004.8511534295549,1742.3427880271095,2068.96139545597,1947.329396640443,1951.256834075389,1932.732727171072,1917.197170466761,0.0246,0.105,0.0295,132.0,0.291,0.0919,0.2344,0.785,6920.0,4300.0,708.0,15500.0,3.46e-19,10700.0,1.0
84.24,2009.3267386684029,1747.4937862145403,2073.3845421205024,1952.271129733321,1956.2204017469,1937.5238527331148,1922.0549321506433,0.0246,0.105,0.0295,132.0,0.291,0.0919,0.2344,0.785,6920.0,4300.0,708.0,15500.0,3.46e-19,10700.0,1.0
84.36,2013.8089797538219,1752.660012454854,2077.8092080477454,1957.2214806778238,1961.1916116119592,1942.3242967009642,1926.9219982283705,0.0246,0.105,0.0295,132.0,0.291,0.0919,0.2344,0.785,6920.0,4300.0,708.0,15500.0,3.46e-19,10700.0,1.0
84.47999999999999,2018.2978816312414,1757.8415117437244,2082.2353626162576,1962.1804508178527,1966.1704500420408,1947.134072227474,1931.798378728043,0.0246,0.105,0.0295,132.0,0.291,0.0919,0.2344,0.785,6920.0,4300.0,708.0,15500.0,3.46e-19,10700.0,1.0
84.6,2022.7934492460918,1763.0383292082001,2086.6629751736414,1967.14804145955,1971.1569032658772,1951.9531924770577,1936.6840836764532,0.0246,0.105,0.0295,132.0,0.291,0.0919,0.2344,0.785,6920.0,4300.0,708.0,15500.0,3.46e-19,10700.0,1.0
84.72,2027.2956875438028,1768.2505101070308,2091.092015037244,1972.1242538712843,1976.1509573691278,1956.7816706256879,1941.5791230990785,0.0246,0.105,0.0295,132.0,0.291,0.0919,0.2344,0.785,6920.0,4300.0,708.0,15500.0,3.46e-19,10700.0,1.0
84.84,2031.8046014698043,1773.478099830995,2095.5224514948645,1977.1090892836396,1981.1525982940539,1961.619519860903,1946.4835070200825,0.0246,0.105,0.0295,132.0,0.291,0.0919,0.2344,0.785,6920.0,4300.0,708.0,15500.0,3.46e-19,10700.0,1.0
84.96,2036.3201959695252,1778.7211439032283,2099.954253805454,1982.1025488894018,1986.1618118391887,1966.4667533818113,1951.3972454623106,0.0246,0.105,0.0295,132.0,0.291,0.0919,0.2344,0.785,6920.0,4300.0,708.0,15500.0,3.46e-19,10700.0,1.0
85.08,2040.8424759883972,1783.9796879795524,2104.387391199823,1987.1046338435478,1991.1785836590143,1971.3233843990952,1956.3203484472895,0.0246,0.105,0.0295,132.0,0.291,0.0919,0.2344,0.785,6920.0,4300.0,708.0,15500.0,3.46e-19,10700.0,1.0
85.2,2045.371446471849,1789.2537778487992,2108.8218328813423,1992.1153452632302,1996.2028992636283,1976.1894261350133,1961.2528259952223,0.0246,0.105,0.0295,132.0,0.291,0.0919,0.2344,0.785,6920.0,4300.0,708.0,15500.0,3.46e-19,10700.0,1.0
85.32,2049.90711236531,1794.5434594331407,2113.2575480266455,1997.1346842277658,2001.2347440184194,1981.0648918234058,1966.194688124987,0.0246,0.105,0.0295,132.0,0.291,0.0919,0.2344,0.785,6920.0,4300.0,708.0,15500.0,3.46e-19,10700.0,1.0
85.44,2054.4494786142113,1799.848778788418,2117.6945057863386,2002.162651778625,2006.2741031437415,1985.9497947097004,1971.145944854135,0.0246,0.105,0.0295,132.0,0.291,0.0919,0.2344,0.785,6920.0,4300.0,708.0,15500.0,3.46e-19,10700.0,1.0
85.56,2058.998550163981,1805.1697858705993,2122.132686804053,2007.1992517679257,2011.3209731607647,1990.844148048859,1976.106606347321,0.0246,0.105,0.0295,132.0,0.291,0.0919,0.2344,0.785,6920.0,4300.0,708.0,15500.0,3.46e-19,10700.0,1.0
85.67999999999999,2063.5543319600492,1810.5065240708307,2126.572051210108,2012.2444829430235,2016.3753300846615,1995.7479651110905,1981.076682503835,0.0246,0.105,0.0295,132.0,0.291,0.0919,0.2344,0.785,6920.0,4300.0,708.0,15500.0,3.46e-19,10700.0,1.0
85.8,2068.1168289478474,1815.8590396483087,2131.01256747074,2017.2983460807916,2021.4371580920392,2000.6612591767118,1986.0561833293643,0.0246,0.105,0.0295,132.0,0.291,0.0919,0.2344,0.785,6920.0,4300.0,708.0,15500.0,3.46e-19,10700.0,1.0
85.92,2072.6860460728044,1821.2273792416215,2135.4542047764867,2022.360842105066,2026.506441955992,2005.5840435375076,1991.0451188378906,0.0246,0.105,0.0295,132.0,0.291,0.0919,0.2344,0.785,6920.0,4300.0,708.0,15500.0,3.46e-19,10700.0,1.0
86.03999999999999,2077.26198828035,1826.6115896263836,2139.896932300636,2027.4319719030734,2031.583166308171,2010.516331496867,1996.0434990421236,0.0246,0.105,0.0295,132.0,0.291,0.0919,0.2344,0.785,6920.0,4300.0,708.0,15500.0,3.46e-19,10700.0,1.0
86.16,2081.8446605159156,1832.0117177155953,2144.340719200021,2032.5117363254417,2036.6673156385466,2015.4581363697898,2001.0513339535012,0.0246,0.105,0.0295,132.0,0.291,0.0919,0.2344,0.785,6920.0,4300.0,708.0,15500.0,3.46e-19,10700.0,1.0
86.28,2086.4340677249297,1837.4278105599947,2148.7855346158085,2037.600136186206,2041.7588742951639,2020.4094714828873,2006.0686335821845,0.0246,0.105,0.0295,132.0,0.291,0.0919,0.2344,0.785,6920.0,4300.0,708.0,15500.0,3.46e-19,10700.0,1.0
86.39999999999999,2091.030214852822,1842.859915348416,2153.231347674291,2042.6971722628202,2046.857826483905,2025.3703501743876,2011.0954079370592,0.0246,0.105,0.0295,132.0,0.291,0.0919,0.2344,0.785,6920.0,4300.0,708.0,15500.0,3.46e-19,10700.0,1.0
86.52,2095.633106845024,1848.308079408148,2157.6781274876816,2047.8028452961662,2051.9641562682505,2030.3407857941418,2016.131667025735,0.0246,0.105,0.0295,132.0,0.291,0.0919,0.2344,0.785,6920.0,4300.0,708.0,15500.0,3.46e-19,10700.0,1.0
86.64,2100.2427486469646,1853.772350205287,2162.1258431549004,2052.9171559905612,2057.0778475690363,2035.3207917036236,2021.1774208545407,0.0246,0.105,0.0295,132.0,0.291,0.0919,0.2344,0.785,6920.0,4300.0,708.0,15500.0,3.46e-19,10700.0,1.0
86.75999999999999,2104.8591452040732,1859.2527753450943,2166.57446376237,2058.040105013768,2062.1988841642137,2040.3103812759368,2026.2326794285261,0.0246,0.105,0.0295,132.0,0.291,0.0919,0.2344,0.785,6920.0,4300.0,708.0,15500.0,3.46e-19,10700.0,1.0
86.88,2109.482301461781,1864.7494025723554,2171.0239583848074,2063.1716929970053,2067.327249688614,2045.3095678958193,2031.2974527514602,0.0246,0.105,0.0295,132.0,0.291,0.0919,0.2344,0.785,6920.0,4300.0,708.0,15500.0,3.46e-19,10700.0,1.0
87.0,2114.1122223655175,1870.2622797717318,2175.474296086012,2068.3119205349544,2072.462927633701,2050.318364959645,2036.371750825828,0.0246,0.105,0.0295,132.0,0.291,0.0919,0.2344,0.785,6920.0,4300.0,708.0,15500.0,3.46e-19,10700.0,1.0
87.11999999999999,2118.7489128607117,1875.7914549681204,2179.925445919662,2073.460788185769,2077.605901347337,2055.336785875428,2041.45558365283,0.0246,0.105,0.0295,132.0,0.291,0.0919,0.2344,0.785,6920.0,4300.0,708.0,15500.0,3.46e-19,10700.0,1.0
87.24,2123.392377892795,1881.3369763270102,2184.3773769301024,2078.6182964710874,2082.7561540335405,2060.3648440628313,2046.5489612323831,0.0246,0.105,0.0295,132.0,0.291,0.0919,0.2344,0.785,6920.0,4300.0,708.0,15500.0,3.46e-19,10700.0,1.0
87.36,2128.0426224071975,1886.8988921548369,2188.830058153139,2083.784445876037,2087.913668752245,2065.4025529531627,2051.6518935631157,0.0246,0.105,0.0295,132.0,0.291,0.0919,0.2344,0.785,6920.0,4300.0,708.0,15500.0,3.46e-19,10700.0,1.0
87.47999999999999,2132.6996513493473,1892.477250899339,2193.2834586168274,2088.9592368492454,2093.0784284190604,2070.449925989385,2056.764390642368,0.0246,0.105,0.0295,132.0,0.291,0.0919,0.2344,0.785,6920.0,4300.0,708.0,15500.0,3.46e-19,10700.0,1.0
87.6,2137.363469664677,1898.0721011499184,2197.7375473422694,2094.1426698028513,2098.250415805034,2075.50697662612,2061.8864624661924,0.0246,0.105,0.0295,132.0,0.291,0.0919,0.2344,0.785,6920.0,4300.0,708.0,15500.0,3.46e-19,10700.0,1.0
87.72,2142.0340822986145,1903.683491637991,2202.1922933443984,2099.334745112512,2103.429613536407,2080.5737183296487,2067.018119029349,0.0246,0.105,0.0295,132.0,0.291,0.0919,0.2344,0.785,6920.0,4300.0,708.0,15500.0,3.46e-19,10700.0,1.0
87.84,2146.711494196591,1909.311471237347,2206.647665632777,2104.5354631174105,2108.6160040943764,2085.650164577918,2072.1593703253047,0.0246,0.105,0.0295,132.0,0.291,0.0919,0.2344,0.785,6920.0,4300.0,708.0,15500.0,3.46e-19,10700.0,1.0
87.96,2151.3957103040357,1914.9560889645056,2211.1036332123836,2109.744824120269,2113.8095698148554,2090.736328860544,2077.310226346234,0.0246,0.105,0.0295,132.0,0.291,0.0919,0.2344,0.785,6920.0,4300.0,708.0,15500.0,3.46e-19,10700.0,1.0
88.08,2156.0867355663795,1920.6173939790735,2215.560165084409,2114.962828387356,2119.0102928882343,2095.8322246788166,2082.4706970830175,0.0246,0.105,0.0295,132.0,0.291,0.0919,0.2344,0.785,6920.0,4300.0,708.0,15500.0,3.46e-19,10700.0,1.0
88.2,2160.7845749290523,1926.2954355840986,2220.017230247044,2120.1894761484928,2124.2181553591363,2100.937865545704,2087.640792525238,0.0246,0.105,0.0295,132.0,0.291,0.0919,0.2344,0.785,6920.0,4300.0,708.0,15500.0,3.46e-19,10700.0,1.0
88.32,2165.4892333374833,1931.990263226427,2224.474797696273,2125.4247675970673,2129.4331391261803,2106.053264985853,2092.8205226611803,0.0246,0.105,0.0295,132.0,0.291,0.0919,0.2344,0.785,6920.0,4300.0,708.0,15500.0,3.46e-19,10700.0,1.0
88.44,2170.2007157371036,1937.7019264970622,2228.9328364266667,2130.6687028900415,2134.655225941743,2111.1784365355998,2098.009897477832,0.0246,0.105,0.0295,132.0,0.291,0.0919,0.2344,0.785,6920.0,4300.0,708.0,15500.0,3.46e-19,10700.0,1.0
88.56,2174.919027073343,1943.4304751315176,2233.3913154321694,2135.9212821479573,2139.884397411713,2116.313393742967,2103.2089269608787,0.0246,0.105,0.0295,132.0,0.291,0.0919,0.2344,0.785,6920.0,4300.0,708.0,15500.0,3.46e-19,10700.0,1.0
88.67999999999999,2179.644172291631,1949.1759590101744,2237.8502037068965,2141.182505454951,2145.120634995256,2121.4581501676716,2108.417621094705,0.0246,0.105,0.0295,132.0,0.291,0.0919,0.2344,0.785,6920.0,4300.0,708.0,15500.0,3.46e-19,10700.0,1.0
88.8,2184.376156337399,1954.9384281586406,2242.3094702459225,2146.452372858759,2150.3639200045723,2126.61271938113,2113.6359898623928,0.0246,0.105,0.0295,132.0,0.291,0.0919,0.2344,0.785,6920.0,4300.0,708.0,15500.0,3.46e-19,10700.0,1.0
88.92,2189.114984156066,1960.7179348645561,2246.7690874927994,2151.730885757519,2155.6142410696975,2131.77711496509,2118.864043310291,0.0246,0.105,0.0295,132.0,0.291,0.0919,0.2344,0.785,6920.0,4300.0,708.0,15500.0,3.46e-19,10700.0,1.0
89.03999999999999,2193.860660693059,1966.5145299085716,2251.2290252017665,2157.0180444299185,2160.8715808431066,2136.9513505140744,2124.101791433013,0.0246,0.105,0.0295,132.0,0.291,0.0919,0.2344,0.785,6920.0,4300.0,708.0,15500.0,3.46e-19,10700.0,1.0
89.16,2198.613190893819,1972.3282618395465,2255.6892492575935,2162.313847560051,2166.135913441729,2142.1354396358533,2129.3492441513117,0.0246,0.105,0.0295,132.0,0.291,0.0919,0.2344,0.785,6920.0,4300.0,708.0,15500.0,3.46e-19,10700.0,1.0
89.28,2203.3725797037755,1978.159181315257,2260.1497287448065,2167.618295081408,2171.4072197557803,2147.32939594864,2134.606411444498,0.0246,0.105,0.0295,132.0,0.291,0.0919,0.2344,0.785,6920.0,4300.0,708.0,15500.0,3.46e-19,10700.0,1.0
89.39999999999999,2208.1388320683577,1984.0073391423368,2264.6104327558637,2172.931386892342,2176.6854805338353,2152.5332330823653,2139.873303290629,0.0246,0.105,0.0295,132.0,0.291,0.0919,0.2344,0.785,6920.0,4300.0,708.0,15500.0,3.46e-19,10700.0,1.0
89.52,2212.9119529329964,1989.8727862766661,2269.0713303919983,2178.2531228560933,2181.970676382703,2157.7469646786826,2145.14992966651,0.0246,0.105,0.0295,132.0,0.291,0.0919,0.2344,0.785,6920.0,4300.0,708.0,15500.0,3.46e-19,10700.0,1.0
89.64,2217.691947243121,1995.7555738237552,2273.5323907640595,2183.5835028008214,2187.262787767289,2162.9706043909678,2150.4363005476916,0.0246,0.105,0.0295,132.0,0.291,0.0919,0.2344,0.785,6920.0,4300.0,708.0,15500.0,3.46e-19,10700.0,1.0
89.75999999999999,2222.4788199441614,2001.6557530391333,2277.993582993354,2188.9225265196314,2192.5617950104706,2168.2041658843245,2155.7324259084685,0.0246,0.105,0.0295,132.0,0.291,0.0919,0.2344,0.785,6920.0,4300.0,708.0,15500.0,3.46e-19,10700.0,1.0
89.88,2227.272575981548,2007.5733753287395,2282.4548762124928,2194.2701937706092,2197.867678292967,2173.447662835592,2161.0383157218826,0.0246,0.105,0.0295,132.0,0.291,0.0919,0.2344,0.785,6920.0,4300.0,708.0,15500.0,3.46e-19,10700.0,1.0
90.0,2232.0732203007105,2013.5084922493054,2286.9162395662283,2199.6265042768455,2203.180417653205,2178.701108933343,2166.3539799597193,0.0246,0.105,0.0295,132.0,0.291,0.0919,0.2344,0.785,6920.0,4300.0,708.0,15500.0,3.46e-19,10700.0,1.0
90.11999999999999,2236.8807578470783,2019.4611555087447,2291.3776422122996,2204.9914577264663,2208.499992987192,2183.964517877893,2171.679428592507,0.0246,0.105,0.0295,132.0,0.291,0.0919,0.2344,0.785,6920.0,4300.0,708.0,15500.0,3.46e-19,10700.0,1.0
90.24,2241.6951935660823,2025.4314169665433,2295.839053322276,2210.3650537726667,2213.8263840483855,2189.237903381301,2177.0146715895216,0.0246,0.105,0.0295,132.0,0.291,0.0919,0.2344,0.785,6920.0,4300.0,708.0,15500.0,3.46e-19,10700.0,1.0
90.36,2246.5165324031523,2031.4193286341424,2300.3004420823954,2215.747292033736,2219.159570447562,2194.521279167375,2182.3597189187794,0.0246,0.105,0.0295,132.0,0.291,0.0919,0.2344,0.785,6920.0,4300.0,708.0,15500.0,3.46e-19,10700.0,1.0
90.47999999999999,2251.3447793037167,2037.4249426753283,2304.761777694411,2221.138172093087,2224.499531652687,2199.814658971675,2187.71458054704,0.0246,0.105,0.0295,132.0,0.291,0.0919,0.2344,0.785,6920.0,4300.0,708.0,15500.0,3.46e-19,10700.0,1.0
90.6,2256.179939213208,2043.4483114066222,2309.2230293764324,2226.537693499291,2229.846246988787,2205.1180565415193,2193.0792664398077,0.0246,0.105,0.0295,132.0,0.291,0.0919,0.2344,0.785,6920.0,4300.0,708.0,15500.0,3.46e-19,10700.0,1.0
90.72,2261.022017077054,2049.4894872976633,2313.684166363766,2231.945855766101,2235.1996956378143,2210.431485635985,2198.453786561327,0.0246,0.105,0.0295,132.0,0.291,0.0919,0.2344,0.785,6920.0,4300.0,708.0,15500.0,3.46e-19,10700.0,1.0
90.84,2265.871017840686,2055.5485229715987,2318.1451579097597,2237.362658372484,2240.5598566385233,2215.7549600259144,2203.838150874585,0.0246,0.105,0.0295,132.0,0.291,0.0919,0.2344,0.785,6920.0,4300.0,708.0,15500.0,3.46e-19,10700.0,1.0
90.96,2270.7269464495325,2061.625471205471,2322.6059732866443,2242.7881007626506,2245.926708886334,2221.0884934939186,2209.232369341311,0.0246,0.105,0.0295,132.0,0.291,0.0919,0.2344,0.785,6920.0,4300.0,708.0,15500.0,3.46e-19,10700.0,1.0
91.08,2275.5898078490254,2067.720384930608,2327.066581786378,2248.2221823460864,2251.300231133208,2226.4320998343824,2214.636451921974,0.0246,0.105,0.0295,132.0,0.291,0.0919,0.2344,0.785,6920.0,4300.0,708.0,15500.0,3.46e-19,10700.0,1.0
91.2,2280.459606984593,2073.8333172330044,2331.5269527214846,2253.664902497577,2256.6804019875126,2231.7857928534654,2220.050408575786,0.0246,0.105,0.0295,132.0,0.291,0.0919,0.2344,0.785,6920.0,4300.0,708.0,15500.0,3.46e-19,10700.0,1.0
91.32,2285.3363488016657,2079.964321353715,2335.9870554259,2259.116260557241,2262.0671999138945,2237.149586369108,2225.474249260696,0.0246,0.105,0.0295,132.0,0.291,0.0919,0.2344,0.785,6920.0,4300.0,708.0,15500.0,3.46e-19,10700.0,1.0
91.44,2290.220038245674,2086.1134506892417,2340.4468592558137,2264.5762558305596,2267.460603233149,2242.523494211038,2230.9079839333963,0.0246,0.105,0.0295,132.0,0.291,0.0919,0.2344,0.785,6920.0,4300.0,708.0,15500.0,3.46e-19,10700.0,1.0
91.56,2295.1106802620475,2092.280758791916,2344.906333590509,2270.044887588405,2272.860590122087,2247.907530220769,2236.3516225493163,0.0246,0.105,0.0295,132.0,0.291,0.0919,0.2344,0.785,6920.0,4300.0,708.0,15500.0,3.46e-19,10700.0,1.0
91.67999999999999,2300.0082797962154,2098.4662993702927,2349.3654478332073,2275.522155067068,2278.2671386134093,2253.301708251607,2241.8051750626255,0.0246,0.105,0.0295,132.0,0.291,0.0919,0.2344,0.785,6920.0,4300.0,708.0,15500.0,3.46e-19,10700.0,1.0
91.8,2304.912841793609,2104.670126289536,2353.8241714119117,2281.0080574682947,2283.680226595574,2258.7060421686588,2247.2686514262323,0.0246,0.105,0.0295,132.0,0.291,0.0919,0.2344,0.785,6920.0,4300.0,708.0,15500.0,3.46e-19,10700.0,1.0
91.92,2309.824371199658,2110.892293571803,2358.2824737802466,2286.502593959307,2289.099831812665,2264.120545848827,2252.7420615917836,0.0246,0.105,0.0295,132.0,0.291,0.0919,0.2344,0.785,6920.0,4300.0,708.0,15500.0,3.46e-19,10700.0,1.0
92.03999999999999,2314.742872959791,2117.132855396636,2362.740324418302,2292.005763672837,2294.525931864264,2269.5452331808215,2258.225415509662,0.0246,0.105,0.0295,132.0,0.291,0.0919,0.2344,0.785,6920.0,4300.0,708.0,15500.0,3.46e-19,10700.0,1.0
92.16,2319.66835201944,2123.3918661013495,2367.1976928334757,2297.5175657071577,2299.9585042053204,2274.9801180651616,2263.7187231289913,0.0246,0.105,0.0295,132.0,0.291,0.0919,0.2344,0.785,6920.0,4300.0,708.0,15500.0,3.46e-19,10700.0,1.0
92.28,2324.6008133240325,2129.669380477128,2371.6545486545233,2303.03799928684,2305.3975272789717,2280.4252144139737,2269.221994404415,0.0246,0.105,0.0295,132.0,0.291,0.0919,0.2344,0.785,6920.0,4300.0,708.0,15500.0,3.46e-19,10700.0,1.0
92.39999999999999,2329.5402618189905,2135.965457392265,2376.1108627743106,2308.5670657319415,2310.842994396458,2285.880536148501,2274.735239379235,0.0246,0.105,0.0295,132.0,0.291,0.0919,0.2344,0.785,6920.0,4300.0,708.0,15500.0,3.46e-19,10700.0,1.0
92.52,2334.486702449752,2142.2801478510123,2380.5666035867234,2314.1047619673564,2316.294867985956,2291.3460972073385,2280.2584679113843,0.0246,0.105,0.0295,132.0,0.291,0.0919,0.2344,0.785,6920.0,4300.0,708.0,15500.0,3.46e-19,10700.0,1.0
92.64,2339.4401401617474,2148.613506876631,2385.0217407328837,2319.6510869815215,2321.753125117928,2296.8219115382435,2285.791689946102,0.0246,0.105,0.0295,132.0,0.291,0.0919,0.2344,0.785,6920.0,4300.0,708.0,15500.0,3.46e-19,10700.0,1.0
92.75999999999999,2344.400579900405,2154.9655896540885,2389.4762438860644,2325.206039729647,2327.2177427252013,2302.3079931008006,2291.3349154274056,0.0246,0.105,0.0295,132.0,0.291,0.0919,0.2344,0.785,6920.0,4300.0,708.0,15500.0,3.46e-19,10700.0,1.0
92.88,2349.3680266111564,2161.3364515304793,2393.93008275254,2330.7696191337636,2332.688697602968,2307.8043558664285,2296.8881542980976,0.0246,0.105,0.0295,132.0,0.291,0.0919,0.2344,0.785,6920.0,4300.0,708.0,15500.0,3.46e-19,10700.0,1.0
93.0,2354.3424852394305,2167.7261480154452,2398.3832270724406,2336.3418240827696,2338.165966408783,2313.3110138183793,2302.4514164997613,0.0246,0.105,0.0295,132.0,0.291,0.0919,0.2344,0.785,6920.0,4300.0,708.0,15500.0,3.46e-19,10700.0,1.0
93.11999999999999,2359.323960730657,2174.1347347815968,2402.8356466206033,2341.922653432478,2343.649525662562,2318.827980951744,2308.0247119727615,0.0246,0.105,0.0295,132.0,0.291,0.0919,0.2344,0.785,6920.0,4300.0,708.0,15500.0,3.46e-19,10700.0,1.0
93.24,2364.312458030266,2180.562267664938,2407.287311207428,2347.5121060056676,2349.139351746588,2324.355271273459,2313.6080506562475,0.0246,0.105,0.0295,132.0,0.291,0.0919,0.2344,0.785,6920.0,4300.0,708.0,15500.0,3.46e-19,10700.0,1.0
93.36,2369.3079820836883,2187.008802665284,2411.738190679729,2353.110180592128,2354.635420905503,2329.8928988023067,2319.201442488151,0.0246,0.105,0.0295,132.0,0.291,0.0919,0.2344,0.785,6920.0,4300.0,708.0,15500.0,3.46e-19,10700.0,1.0
93.47999999999999,2374.3105378363516,2193.4743959466828,2416.188254921586,2358.7168759487076,2360.13770924631,2335.44087756892,2324.8048974051867,0.0246,0.105,0.0295,132.0,0.291,0.0919,0.2344,0.785,6920.0,4300.0,708.0,15500.0,3.46e-19,10700.0,1.0
93.6,2379.3201302336884,2199.9591038378408,2420.6374738552036,2364.332190799366,2365.646192738376,2340.9992216157893,2330.4184253428552,0.0246,0.105,0.0295,132.0,0.291,0.0919,0.2344,0.785,6920.0,4300.0,708.0,15500.0,3.46e-19,10700.0,1.0
93.72,2384.3367642211265,2206.4629828325387,2425.0858174417563,2369.9561238352153,2371.160847213429,2346.567944997263,2336.04203623544,0.0246,0.105,0.0295,132.0,0.291,0.0919,0.2344,0.785,6920.0,4300.0,708.0,15500.0,3.46e-19,10700.0,1.0
93.84,2389.3604447440966,2212.986089590056,2429.533255682247,2375.5886737145725,2376.6816483655552,2352.1470617795535,2341.6757400160095,0.0246,0.105,0.0295,132.0,0.291,0.0919,0.2344,0.785,6920.0,4300.0,708.0,15500.0,3.46e-19,10700.0,1.0
93.96,2394.391176748028,2219.528480935592,2433.979758618358,2381.229839063006,2382.2085717512023,2357.736586040738,2347.3195466164166,0.0246,0.105,0.0295,132.0,0.291,0.0919,0.2344,0.785,6920.0,4300.0,708.0,15500.0,3.46e-19,10700.0,1.0
94.08,2399.4289651783515,2226.090213860689,2438.4252963333065,2386.8796184733856,2387.7415927891793,2363.3365318707697,2352.9734659673018,0.0246,0.105,0.0295,132.0,0.291,0.0919,0.2344,0.785,6920.0,4300.0,708.0,15500.0,3.46e-19,10700.0,1.0
94.2,2404.473814980496,2232.6713455236486,2442.8698389526944,2392.5380105059266,2393.280686760653,2368.9469133714724,2358.6375079980903,0.0246,0.105,0.0295,132.0,0.291,0.0919,0.2344,0.785,6920.0,4300.0,708.0,15500.0,3.46e-19,10700.0,1.0
94.32,2409.5257310998913,2239.271933249959,2447.313356645363,2398.205013688241,2398.8258288091497,2374.5677446565514,2364.311682636992,0.0246,0.105,0.0295,132.0,0.291,0.0919,0.2344,0.785,6920.0,4300.0,708.0,15500.0,3.46e-19,10700.0,1.0
94.44,2414.5847184819686,2245.892034532714,2451.7558196242467,2403.8806265153853,2404.376993940555,2380.199039851596,2369.9959998110066,0.0246,0.105,0.0295,132.0,0.291,0.0919,0.2344,0.785,6920.0,4300.0,708.0,15500.0,3.46e-19,10700.0,1.0
94.56,2419.6507820721563,2252.531707033034,2456.1971981472248,2409.5648474499067,2409.9341570231118,2385.8408130940807,2375.690469445919,0.0246,0.105,0.0295,132.0,0.291,0.0919,0.2344,0.785,6920.0,4300.0,708.0,15500.0,3.46e-19,10700.0,1.0
94.67999999999999,2424.723926815884,2259.1910085804857,2460.637462517975,2415.2576749218906,2415.4972927874205,2391.4930785333718,2381.3951014663007,0.0246,0.105,0.0295,132.0,0.291,0.0919,0.2344,0.785,6920.0,4300.0,708.0,15500.0,3.46e-19,10700.0,1.0
94.8,2429.804157658583,2265.8699971735095,2465.076583086829,2420.959107329014,2421.0663758264413,2397.155850330732,2387.109905795513,0.0246,0.105,0.0295,132.0,0.291,0.0919,0.2344,0.785,6920.0,4300.0,708.0,15500.0,3.46e-19,10700.0,1.0
94.92,2434.891479545682,2272.568730979835,2469.5145302516207,2426.6691430365854,2426.64138059549,2402.8291426593223,2392.8348923557046,0.0246,0.105,0.0295,132.0,0.291,0.0919,0.2344,0.785,6920.0,4300.0,708.0,15500.0,3.46e-19,10700.0,1.0
95.03999999999999,2439.985897422611,2279.2872683369037,2473.951274458543,2432.387780377598,2432.2222814122374,2408.5129697042057,2398.5700710678116,0.0246,0.105,0.0295,132.0,0.291,0.0919,0.2344,0.785,6920.0,4300.0,708.0,15500.0,3.46e-19,10700.0,1.0
95.16,2445.0874162348,2286.025667752294,2478.3867862030006,2438.115017652779,2437.809052456714,2414.207345662355,2404.3154518515607,0.0246,0.105,0.0295,132.0,0.291,0.0919,0.2344,0.785,6920.0,4300.0,708.0,15500.0,3.46e-19,10700.0,1.0
95.28,2450.196040927679,2292.783987904138,2482.821036030461,2443.8508531306315,2443.401667771305,2419.912284742652,2410.0710446254675,0.0246,0.105,0.0295,132.0,0.291,0.0919,0.2344,0.785,6920.0,4300.0,708.0,15500.0,3.46e-19,10700.0,1.0
95.39999999999999,2455.3117764466765,2299.562287641545,2487.25399453731,2449.5952850474882,2449.000101260749,2425.6278011658933,2415.8368593068362,0.0246,0.105,0.0295,132.0,0.291,0.0919,0.2344,0.785,6920.0,4300.0,708.0,15500.0,3.46e-19,10700.0,1.0
95.52,2460.434627737224,2306.3606259850244,2491.6856323717043,2455.348311607557,2454.604326692143,2431.3539091647976,2421.6129058117626,0.0246,0.105,0.0295,132.0,0.291,0.0919,0.2344,0.785,6920.0,4300.0,708.0,15500.0,3.46e-19,10700.0,1.0
95.64,2465.564599744751,2313.1790621269047,2496.115920234423,2461.109930982969,2460.214317694936,2437.0906229840034,2427.3991940551323,0.0246,0.105,0.0295,132.0,0.291,0.0919,0.2344,0.785,6920.0,4300.0,708.0,15500.0,3.46e-19,10700.0,1.0
95.75999999999999,2470.7016974146886,2320.0176586241632,2500.544826355257,2466.880142685847,2465.8300603168823,2442.8379568781447,2433.1957340024696,0.0246,0.105,0.0295,132.0,0.291,0.0919,0.2344,0.785,6920.0,4300.0,708.0,15500.0,3.46e-19,10700.0,1.0
95.88,2475.845925692469,2326.876474289395,2504.972322115818,2472.6589445128816,2471.451525062085,2448.59592511616,2439.0025355544744,0.0246,0.105,0.0295,132.0,0.291,0.0919,0.2344,0.785,6920.0,4300.0,708.0,15500.0,3.46e-19,10700.0,1.0
96.0,2480.997289523518,2333.755567160201,2509.3983797026094,2478.446333821368,2477.0786785681576,2454.364541979494,2444.8196085952386,0.0246,0.105,0.0295,132.0,0.291,0.0919,0.2344,0.785,6920.0,4300.0,708.0,15500.0,3.46e-19,10700.0,1.0
96.11999999999999,2486.1557938532655,2340.6549971771697,2513.822969990547,2484.2423086800068,2482.711494137229,2460.1438217604828,2450.6469630357337,0.0246,0.105,0.0295,132.0,0.291,0.0919,0.2344,0.785,6920.0,4300.0,708.0,15500.0,3.46e-19,10700.0,1.0
96.24,2491.321443627143,2347.5748244570145,2518.2460639096994,2490.0468671266076,2488.349944942417,2465.9337787634076,2456.4846087857627,0.0246,0.105,0.0295,132.0,0.291,0.0919,0.2344,0.785,6920.0,4300.0,708.0,15500.0,3.46e-19,10700.0,1.0
96.36,2496.4942437905784,2354.5151092930273,2522.667632446113,2495.8600071681485,2493.99400402797,2471.734427304493,2462.3325557539556,0.0246,0.105,0.0295,132.0,0.291,0.0919,0.2344,0.785,6920.0,4300.0,708.0,15500.0,3.46e-19,10700.0,1.0
96.47999999999999,2501.6741992890024,2361.47591215554,2527.087646642635,2501.6817267808424,2499.643644309412,2477.5457817119122,2468.1908138477706,0.0246,0.105,0.0295,132.0,0.291,0.0919,0.2344,0.785,6920.0,4300.0,708.0,15500.0,3.46e-19,10700.0,1.0
96.6,2506.861315067845,2368.4572936923837,2531.5060775997363,2507.5120239102016,2505.2988385736912,2483.3678563257954,2474.0593929735014,0.0246,0.105,0.0295,132.0,0.291,0.0919,0.2344,0.785,6920.0,4300.0,708.0,15500.0,3.46e-19,10700.0,1.0
96.72,2512.055596072536,2375.459314729344,2535.922896476338,2513.3508964711,2510.95955947932,2489.200665498228,2479.938303036269,0.0246,0.105,0.0295,132.0,0.291,0.0919,0.2344,0.785,6920.0,4300.0,708.0,15500.0,3.46e-19,10700.0,1.0
96.84,2517.257047248505,2382.4820362706214,2540.338074490633,2519.198342347837,2516.6257795565207,2495.044223593256,2485.8275539400306,0.0246,0.105,0.0295,132.0,0.291,0.0919,0.2344,0.785,6920.0,4300.0,708.0,15500.0,3.46e-19,10700.0,1.0
96.96,2522.465673541181,2389.5255194992874,2544.751582920911,2525.0543593942016,2522.2974712073724,2500.898544986893,2491.727155587574,0.0246,0.105,0.0295,132.0,0.291,0.0919,0.2344,0.785,6920.0,4300.0,708.0,15500.0,3.46e-19,10700.0,1.0
97.08,2527.6814798959954,2396.589825777748,2549.1633931063834,2530.9189454335383,2527.9746067059546,2506.7636440671213,2497.637117880526,0.0246,0.105,0.0295,132.0,0.291,0.0919,0.2344,0.785,6920.0,4300.0,708.0,15500.0,3.46e-19,10700.0,1.0
97.2,2532.9044712583773,2403.675016648196,2553.573476448005,2536.7920982588075,2533.657158198491,2512.639535233897,2503.5574507193464,0.0246,0.105,0.0295,132.0,0.291,0.0919,0.2344,0.785,6920.0,4300.0,708.0,15500.0,3.46e-19,10700.0,1.0
97.32,2538.134652573756,2410.7811538330725,2557.981804409298,2542.673815632651,2539.345097703494,2518.526232899151,2509.488164003331,0.0246,0.105,0.0295,132.0,0.291,0.0919,0.2344,0.785,6920.0,4300.0,708.0,15500.0,3.46e-19,10700.0,1.0
97.44,2543.3720287875617,2417.9082992355256,2562.3883485171796,2548.564095287457,2545.038397111913,2524.4237514868005,2515.4292676306172,0.0246,0.105,0.0295,132.0,0.291,0.0919,0.2344,0.785,6920.0,4300.0,708.0,15500.0,3.46e-19,10700.0,1.0
97.56,2548.6166048452246,2425.0565149398667,2566.793080362782,2554.4629349254205,2550.7370281872745,2530.3321054327434,2521.380771498177,0.0246,0.105,0.0295,132.0,0.291,0.0919,0.2344,0.785,6920.0,4300.0,708.0,15500.0,3.46e-19,10700.0,1.0
97.67999999999999,2553.868385692174,2432.2258632120297,2571.1959716022766,2560.370332218611,2556.4409625658286,2536.2513091848678,2527.3426855018242,0.0246,0.105,0.0295,132.0,0.291,0.0919,0.2344,0.785,6920.0,4300.0,708.0,15500.0,3.46e-19,10700.0,1.0
97.8,2559.1273762738397,2439.4164065000323,2575.5969939577008,2566.2862848090354,2562.1501717566953,2542.1813772030578,2533.3150195362145,0.0246,0.105,0.0295,132.0,0.291,0.0919,0.2344,0.785,6920.0,4300.0,708.0,15500.0,3.46e-19,10700.0,1.0
97.92,2564.393581535652,2446.628207434428,2579.99611921778,2572.210790308699,2567.8646271420066,2548.122323959192,2539.297783494843,0.0246,0.105,0.0295,132.0,0.291,0.0919,0.2344,0.785,6920.0,4300.0,708.0,15500.0,3.46e-19,10700.0,1.0
98.03999999999999,2569.6670064230398,2453.86132882877,2584.3933192387485,2578.143846299672,2573.5842999770525,2554.074163937149,2545.2909872700475,0.0246,0.105,0.0295,132.0,0.291,0.0919,0.2344,0.785,6920.0,4300.0,708.0,15500.0,3.46e-19,10700.0,1.0
98.16,2574.947655881434,2461.115833680069,2588.7885659451817,2584.0854503341543,2579.3091613904267,2560.036911632817,2551.2946407530117,0.0246,0.105,0.0295,132.0,0.291,0.0919,0.2344,0.785,6920.0,4300.0,708.0,15500.0,3.46e-19,10700.0,1.0
98.28,2580.2355348562637,2468.391785169248,2593.1818313308113,2590.035599934536,2585.0391823841696,2566.010581554089,2557.3087538337627,0.0246,0.105,0.0295,132.0,0.291,0.0919,0.2344,0.785,6920.0,4300.0,708.0,15500.0,3.46e-19,10700.0,1.0
98.39999999999999,2585.530648292958,2475.6892466616023,2597.573087459353,2595.994292593464,2590.7743338339124,2571.995188220873,2563.3333364011714,0.0246,0.105,0.0295,132.0,0.291,0.0919,0.2344,0.785,6920.0,4300.0,708.0,15500.0,3.46e-19,10700.0,1.0
98.52,2590.8330011369485,2483.008281707262,2601.962306465332,2601.961525773904,2596.514586489026,2577.990746165094,2569.368398342959,0.0246,0.105,0.0295,132.0,0.291,0.0919,0.2344,0.785,6920.0,4300.0,708.0,15500.0,3.46e-19,10700.0,1.0
98.64,2596.142598333664,2490.348954041644,2606.349460554904,2607.937296909207,2602.259910972761,2583.9972699306977,2575.413949545692,0.0246,0.105,0.0295,132.0,0.291,0.0919,0.2344,0.785,6920.0,4300.0,708.0,15500.0,3.46e-19,10700.0,1.0
98.75999999999999,2601.4594448285334,2497.7113275859115,2610.7345220066804,2613.9216034031683,2608.010277782393,2590.0147740736534,2581.469999894785,0.0246,0.105,0.0295,132.0,0.291,0.0919,0.2344,0.785,6920.0,4300.0,708.0,15500.0,3.46e-19,10700.0,1.0
98.88,2606.783545566988,2505.0954664474393,2615.117463172553,2619.9144426300977,2613.765657289372,2596.0432731619626,2587.5365592745034,0.0246,0.105,0.0295,132.0,0.291,0.0919,0.2344,0.785,6920.0,4300.0,708.0,15500.0,3.46e-19,10700.0,1.0
99.0,2612.1149054944563,2512.5014349202615,2619.498256478516,2625.9158119348785,2619.526019739461,2602.0827817756563,2593.613637567963,0.0246,0.105,0.0295,132.0,0.291,0.0919,0.2344,0.785,6920.0,4300.0,708.0,15500.0,3.46e-19,10700.0,1.0
99.11999999999999,2617.45352955637,2519.9292985387992,2623.876872703455,2631.9257089731905,2625.291339296452,2608.1333145062813,2599.70124466861,0.0246,0.105,0.0295,132.0,0.291,0.0919,0.2344,0.785,6920.0,4300.0,708.0,15500.0,3.46e-19,10700.0,1.0
99.24,2622.799422698164,2527.37912566933,2628.2532783787415,2637.944132225409,2631.061600150354,2614.194885956119,2605.79939049757,0.0246,0.105,0.0295,132.0,0.291,0.0919,0.2344,0.785,6920.0,4300.0,708.0,15500.0,3.46e-19,10700.0,1.0
99.36,2628.1525898652635,2534.850977257176,2632.6274525526787,2643.971077685288,2636.836757154306,2620.267510743259,2611.9080848918793,0.0246,0.105,0.0295,132.0,0.291,0.0919,0.2344,0.785,6920.0,4300.0,708.0,15500.0,3.46e-19,10700.0,1.0
99.47999999999999,2633.513036003096,2542.3449184083815,2636.9993678565634,2650.006542600274,2642.6167802860673,2626.3512034958753,2618.0273377307267,0.0246,0.105,0.0295,132.0,0.291,0.0919,0.2344,0.785,6920.0,4300.0,708.0,15500.0,3.46e-19,10700.0,1.0
99.6,2638.880766057094,2549.861014420321,2641.3689969960383,2656.0505241894753,2648.4016394075493,2632.4459788541935,2624.1571588921847,0.0246,0.105,0.0295,132.0,0.291,0.0919,0.2344,0.785,6920.0,4300.0,708.0,15500.0,3.46e-19,10700.0,1.0
99.72,2644.2557849726863,2557.3993307821943,2645.7363127518474,2662.103019643735,2654.191304265106,2638.5518514704927,2630.2975582532063,0.0246,0.105,0.0295,132.0,0.291,0.0919,0.2344,0.785,6920.0,4300.0,708.0,15500.0,3.46e-19,10700.0,1.0
99.84,2649.638097695303,2564.9599331755267,2650.101287980597,2668.1640261257116,2659.985744489835,2644.668836009113,2636.448545689629,0.0246,0.105,0.0295,132.0,0.291,0.0919,0.2344,0.785,6920.0,4300.0,708.0,15500.0,3.46e-19,10700.0,1.0
99.96,2655.027709170372,2572.5428874746676,2654.4638956155127,2674.233540769953,2665.784929597878,2650.796947146456,2642.6101310761755,0.0246,0.105,0.0295,132.0,0.291,0.0919,0.2344,0.785,6920.0,4300.0,708.0,15500.0,3.46e-19,10700.0,1.0
100.08,2660.424624343326,2580.1482597472914,2658.8241086671974,2680.3115606829765,2671.588828990721,2656.9361995709946,2648.7823242864574,0.0246,0.105,0.0295,132.0,0.291,0.0919,0.2344,0.785,6920.0,4300.0,708.0,15500.0,3.46e-19,10700.0,1.0
100.2,2665.8288481595932,2587.776116254891,2663.18190022439,2686.3980829433426,2677.397411955489,2663.086607983269,2654.9651351929724,0.0246,0.105,0.0295,132.0,0.291,0.0919,0.2344,0.785,6920.0,4300.0,708.0,15500.0,3.46e-19,10700.0,1.0
100.32,2671.2403855646035,2595.426523453279,2667.537243454724,2692.4931046017323,2683.210647665247,2669.2481870958945,2661.1585736671086,0.0246,0.105,0.0295,132.0,0.291,0.0919,0.2344,0.785,6920.0,4300.0,708.0,15500.0,3.46e-19,10700.0,1.0
100.44,2676.659241503787,2603.0995479930884,2671.8901116054853,2698.5966226810265,2689.0285051793003,2675.4209516335695,2667.362649579147,0.0246,0.105,0.0295,132.0,0.291,0.0919,0.2344,0.785,6920.0,4300.0,708.0,15500.0,3.46e-19,10700.0,1.0
100.56,2682.085420922574,2610.795256720267,2676.24047800437,2704.7086341763784,2694.850953443491,2681.6049163330713,2673.5773727982587,0.0246,0.105,0.0295,132.0,0.291,0.0919,0.2344,0.785,6920.0,4300.0,708.0,15500.0,3.46e-19,10700.0,1.0
100.67999999999999,2687.5189287663934,2618.513716676577,2680.588316060243,2710.8291360552944,2700.677961290498,2687.800095943265,2679.802753192509,0.0246,0.105,0.0295,132.0,0.291,0.0919,0.2344,0.785,6920.0,4300.0,708.0,15500.0,3.46e-19,10700.0,1.0
100.8,2692.959769980676,2626.2549951000974,2684.9335992638985,2716.9581252577095,2706.5094974401372,2694.00650522511,2686.0388006288613,0.0246,0.105,0.0295,132.0,0.291,0.0919,0.2344,0.785,6920.0,4300.0,708.0,15500.0,3.46e-19,10700.0,1.0
100.92,2698.4079495108513,2634.0191594257158,2689.276301188814,2723.0955986960626,2712.3455304996573,2700.224158951655,2692.285524973173,0.0246,0.105,0.0295,132.0,0.291,0.0919,0.2344,0.785,6920.0,4300.0,708.0,15500.0,3.46e-19,10700.0,1.0
101.03999999999999,2703.8634723023483,2641.8062772856324,2693.616395491911,2729.241553255375,2718.1860289640413,2706.453071908052,2698.5429360902003,0.0246,0.105,0.0295,132.0,0.291,0.0919,0.2344,0.785,6920.0,4300.0,708.0,15500.0,3.46e-19,10700.0,1.0
101.16,2709.326343300598,2649.616416509857,2697.953855914315,2735.395985793328,2724.0309612163055,2712.6932588915547,2704.811043843601,0.0246,0.105,0.0295,132.0,0.291,0.0919,0.2344,0.785,6920.0,4300.0,708.0,15500.0,3.46e-19,10700.0,1.0
101.28,2714.79656745103,2657.4496451267064,2702.2886562821104,2741.5588931403363,2729.8802955277965,2718.9447347115224,2711.089858095932,0.0246,0.105,0.0295,132.0,0.291,0.0919,0.2344,0.785,6920.0,4300.0,708.0,15500.0,3.46e-19,10700.0,1.0
101.39999999999999,2720.274149699073,2665.3060313633023,2706.620770507099,2747.730272099628,2735.73400005849,2725.207514189425,2717.3793887086526,0.0246,0.105,0.0295,132.0,0.291,0.0919,0.2344,0.785,6920.0,4300.0,708.0,15500.0,3.46e-19,10700.0,1.0
101.52,2725.7590949901587,2673.1856436460744,2710.950172587563,2753.910119447322,2741.5920428572945,2731.481612158849,2723.679645542128,0.0246,0.105,0.0295,132.0,0.291,0.0919,0.2344,0.785,6920.0,4300.0,708.0,15500.0,3.46e-19,10700.0,1.0
101.64,2731.251408269716,2681.0885506012523,2715.2768366090163,2760.0984319325003,2747.4543918623426,2737.7670434654983,2729.9906384556275,0.0246,0.105,0.0295,132.0,0.291,0.0919,0.2344,0.785,6920.0,4300.0,708.0,15500.0,3.46e-19,10700.0,1.0
101.75999999999999,2736.7510944831743,2689.0148210553684,2719.6007367449674,2766.295206277289,2753.3210149012953,2744.0638229671977,2736.3123773073253,0.0246,0.105,0.0295,132.0,0.291,0.0919,0.2344,0.785,6920.0,4300.0,708.0,15500.0,3.46e-19,10700.0,1.0
101.88,2742.258158575964,2696.964524035757,2723.9218472576777,2772.500439176935,2759.1918796916407,2750.371965533902,2742.644871954308,0.0246,0.105,0.0295,132.0,0.291,0.0919,0.2344,0.785,6920.0,4300.0,708.0,15500.0,3.46e-19,10700.0,1.0
102.0,2747.772605493515,2704.9377287710495,2728.2401424989166,2778.71412729988,2765.06695384099,2756.6914860476927,2748.9881322525684,0.0246,0.105,0.0295,132.0,0.291,0.0919,0.2344,0.785,6920.0,4300.0,708.0,15500.0,3.46e-19,10700.0,1.0
102.11999999999999,2753.294440181257,2712.9345046916733,2732.555596910723,2784.9362672878383,2770.9462048473783,2763.022399402787,2755.3421680570113,0.0246,0.105,0.0295,132.0,0.291,0.0919,0.2344,0.785,6920.0,4300.0,708.0,15500.0,3.46e-19,10700.0,1.0
102.24,2758.8236675846197,2720.9549214303556,2736.8681850261623,2791.1668557558774,2776.829600099565,2769.3647205055427,2761.7069892214545,0.0246,0.105,0.0295,132.0,0.291,0.0919,0.2344,0.785,6920.0,4300.0,708.0,15500.0,3.46e-19,10700.0,1.0
102.36,2764.3602926490335,2728.9990488226144,2741.177881470084,2797.405889292488,2782.7171068773287,2775.718464274456,2768.082605598629,0.0246,0.105,0.0295,132.0,0.291,0.0919,0.2344,0.785,6920.0,4300.0,708.0,15500.0,3.46e-19,10700.0,1.0
102.47999999999999,2769.9043203199267,2737.06695690726,2745.4846609598803,2803.6533644596657,2788.608692351769,2782.0836456401707,2774.4690270401807,0.0246,0.105,0.0295,132.0,0.291,0.0919,0.2344,0.785,6920.0,4300.0,708.0,15500.0,3.46e-19,10700.0,1.0
102.6,2775.4557555427323,2745.158720533037,2749.7884881733844,2809.9092788436315,2794.5043399896113,2788.4602795435007,2780.866263429334,0.0246,0.105,0.0295,132.0,0.291,0.0919,0.2344,0.785,6920.0,4300.0,708.0,15500.0,3.46e-19,10700.0,1.0
102.72,2781.0146032628786,2753.274407753107,2754.0893432812213,2816.173628407618,2800.404008220619,2794.8483809404242,2787.274324598598,0.0246,0.105,0.0295,132.0,0.291,0.0919,0.2344,0.785,6920.0,4300.0,708.0,15500.0,3.46e-19,10700.0,1.0
102.83999999999999,2786.580868425794,2761.4140879563533,2758.3872040609394,2822.446409346551,2806.307659394399,2801.247964798589,2793.693220387417,0.0246,0.105,0.0295,132.0,0.291,0.0919,0.2344,0.785,6920.0,4300.0,708.0,15500.0,3.46e-19,10700.0,1.0
102.96,2792.1545559769106,2769.5778320672666,2762.682045459151,2828.7276181326124,2812.2152604907874,2807.6590460972357,2800.122960643594,0.0246,0.105,0.0295,132.0,0.291,0.0919,0.2344,0.785,6920.0,4300.0,708.0,15500.0,3.46e-19,10700.0,1.0
103.08,2797.735670861657,2777.7657112187235,2766.9738425130745,2835.0172512124627,2818.1267783917074,2814.081639827768,2806.5635552138688,0.0246,0.105,0.0295,132.0,0.291,0.0919,0.2344,0.785,6920.0,4300.0,708.0,15500.0,3.46e-19,10700.0,1.0
103.2,2803.3242180254633,2785.977796752534,2771.2625703511944,2841.315305007331,2824.0421798816237,2820.515760993758,2813.0150139439256,0.0246,0.105,0.0295,132.0,0.291,0.0919,0.2344,0.785,6920.0,4300.0,708.0,15500.0,3.46e-19,10700.0,1.0
103.32,2808.9202024137585,2794.214160219979,2775.5482041939276,2847.621775913102,2829.9614316479983,2826.96142461095,2819.4773466783918,0.0246,0.105,0.0295,132.0,0.291,0.0919,0.2344,0.785,6920.0,4300.0,708.0,15500.0,3.46e-19,10700.0,1.0
103.44,2814.523628971974,2802.4748733823603,2779.8307193542846,2853.9366603004028,2835.8845002817475,2833.4186457072674,2825.950563260843,0.0246,0.105,0.0295,132.0,0.291,0.0919,0.2344,0.785,6920.0,4300.0,708.0,15500.0,3.46e-19,10700.0,1.0
103.56,2820.134502645539,2810.7600082115337,2784.1100912385286,2860.2599545146877,2841.81135227769,2839.8874393228116,2832.4346735337995,0.0246,0.105,0.0295,132.0,0.291,0.0919,0.2344,0.785,6920.0,4300.0,708.0,15500.0,3.46e-19,10700.0,1.0
103.67999999999999,2825.752828379883,2819.0696368904537,2788.386295346841,2866.5916548763275,2847.741954035005,2846.367820509868,2838.929687338733,0.0246,0.105,0.0295,132.0,0.291,0.0919,0.2344,0.785,6920.0,4300.0,708.0,15500.0,3.46e-19,10700.0,1.0
103.8,2831.378611120436,2827.4038318137227,2792.659307273984,2872.9317576806957,2853.676271857691,2852.8598043329134,2845.4356145160664,0.0246,0.105,0.0295,132.0,0.291,0.0919,0.2344,0.785,6920.0,4300.0,708.0,15500.0,3.46e-19,10700.0,1.0
103.92,2837.0118558126283,2835.762665588122,2796.929102709959,2879.2802591982536,2859.6142719550103,2859.363405868614,2851.952464905175,0.0246,0.105,0.0295,132.0,0.291,0.0919,0.2344,0.785,6920.0,4300.0,708.0,15500.0,3.46e-19,10700.0,1.0
104.03999999999999,2842.652567401889,2844.146211033162,2801.195657440672,2885.6371556746376,2865.5559204419505,2865.878640205832,2858.4802483443877,0.0246,0.105,0.0295,132.0,0.291,0.0919,0.2344,0.785,6920.0,4300.0,708.0,15500.0,3.46e-19,10700.0,1.0
104.16,2848.300750833649,2852.554541181623,2805.458947348597,2892.002443330749,2871.5011833396798,2872.4055224456324,2865.018974670992,0.0246,0.105,0.0295,132.0,0.291,0.0919,0.2344,0.785,6920.0,4300.0,708.0,15500.0,3.46e-19,10700.0,1.0
104.28,2853.9564110533374,2860.9877292800934,2809.718948413434,2898.376118362836,2877.4500265759953,2878.9440677012817,2871.5686537212323,0.0246,0.105,0.0295,132.0,0.291,0.0919,0.2344,0.785,6920.0,4300.0,708.0,15500.0,3.46e-19,10700.0,1.0
104.39999999999999,2859.619553006384,2869.4458487895154,2813.9756367127734,2904.7581769425833,2883.4024159857818,2885.4942910982545,2878.1292953303114,0.0246,0.105,0.0295,132.0,0.291,0.0919,0.2344,0.785,6920.0,4300.0,708.0,15500.0,3.46e-19,10700.0,1.0
104.52,2865.2901816382196,2877.92897338573,2818.2289884227603,2911.1486152172,2889.358317311468,2892.0562077742393,2884.700909332397,0.0246,0.105,0.0295,132.0,0.291,0.0919,0.2344,0.785,6920.0,4300.0,708.0,15500.0,3.46e-19,10700.0,1.0
104.64,2870.9683018942733,2886.437176960011,2822.4789798187526,2917.5474293095026,2895.317696203475,2898.629832879138,2891.2835055606165,0.0246,0.105,0.0295,132.0,0.291,0.0919,0.2344,0.785,6920.0,4300.0,708.0,15500.0,3.46e-19,10700.0,1.0
104.75999999999999,2876.6539187199746,2894.970533619614,2826.725587275985,2923.954615318004,2901.2805182206744,2905.2151815750726,2897.8770938470643,0.0246,0.105,0.0295,132.0,0.291,0.0919,0.2344,0.785,6920.0,4300.0,708.0,15500.0,3.46e-19,10700.0,1.0
104.88,2882.3470370607547,2903.5291176883175,2830.9687872702348,2930.3701693170024,2907.2467488308453,2911.8122690363907,2904.4816840228013,0.0246,0.105,0.0295,132.0,0.291,0.0919,0.2344,0.785,6920.0,4300.0,708.0,15500.0,3.46e-19,10700.0,1.0
105.0,2888.0476618620423,2912.1130037069624,2835.208556378477,2936.7940873566636,2913.2163534111223,2918.421110449666,2911.097285917857,0.0246,0.105,0.0295,132.0,0.291,0.0919,0.2344,0.785,6920.0,4300.0,708.0,15500.0,3.46e-19,10700.0,1.0
105.11999999999999,2893.7557980692673,2920.7222664339947,2839.4448712795515,2943.2263654631097,2919.1892972484543,2925.041721013702,2917.7239093612293,0.0246,0.105,0.0295,132.0,0.291,0.0919,0.2344,0.785,6920.0,4300.0,708.0,15500.0,3.46e-19,10700.0,1.0
105.24,2899.4714506278606,2929.356980846013,2843.6777087548257,2949.666999638509,2925.16554554006,2931.674115939541,2924.3615641808906,0.0246,0.105,0.0295,132.0,0.291,0.0919,0.2344,0.785,6920.0,4300.0,708.0,15500.0,3.46e-19,10700.0,1.0
105.36,2905.194624483251,2938.017222138302,2847.907045688853,2956.115985861157,2931.1450633938775,2938.318310450463,2931.0102602037855,0.0246,0.105,0.0295,132.0,0.291,0.0919,0.2344,0.785,6920.0,4300.0,708.0,15500.0,3.46e-19,10700.0,1.0
105.47999999999999,2910.9253245808686,2946.7030657253804,2852.1328590700373,2962.573320085566,2937.1278158290224,2944.97431978199,2937.670007255833,0.0246,0.105,0.0295,132.0,0.291,0.0919,0.2344,0.785,6920.0,4300.0,708.0,15500.0,3.46e-19,10700.0,1.0
105.6,2916.663555866144,2955.414587241544,2856.3551259912974,2969.038998242555,2943.113767776243,2951.6421591818935,2944.3408151619315,0.0246,0.105,0.0295,132.0,0.291,0.0919,0.2344,0.785,6920.0,4300.0,708.0,15500.0,3.46e-19,10700.0,1.0
105.72,2922.409323284507,2964.1518625414024,2860.573823650724,2975.5130162393307,2949.1028840783706,2958.321843910195,2951.0226937459565,0.0246,0.105,0.0295,132.0,0.291,0.0919,0.2344,0.785,6920.0,4300.0,708.0,15500.0,3.46e-19,10700.0,1.0
105.83999999999999,2928.162631781386,2972.914967700426,2864.7889293522458,2981.9953699595767,2955.095129490777,2965.01338923917,2957.715652830764,0.0246,0.105,0.0295,132.0,0.291,0.0919,0.2344,0.785,6920.0,4300.0,708.0,15500.0,3.46e-19,10700.0,1.0
105.96,2933.9234863022116,2981.7039811065756,2869.0004152865754,2988.486055571055,2961.0904752047204,2971.716810452516,2964.419702247521,0.0246,0.105,0.0295,132.0,0.291,0.0919,0.2344,0.785,6920.0,4300.0,708.0,15500.0,3.46e-19,10700.0,1.0
106.08,2939.691891792412,2990.518982082216,2873.208251973166,2994.985069322952,2967.0888945473366,2978.4321228459075,2971.134851829554,0.0246,0.105,0.0295,132.0,0.291,0.0919,0.2344,0.785,6920.0,4300.0,708.0,15500.0,3.46e-19,10700.0,1.0
106.2,2945.467853197419,2999.3600434752516,2877.4124267560114,3001.4924064563447,2973.0903398693813,2985.159341729971,2977.8611113793054,0.0246,0.105,0.0295,132.0,0.291,0.0919,0.2344,0.785,6920.0,4300.0,708.0,15500.0,3.46e-19,10700.0,1.0
106.32,2951.2513754626616,3008.2272423221934,2881.61291718883,3008.00806277231,2979.0947758060934,2991.898482426012,2984.5984907158927,0.0246,0.105,0.0295,132.0,0.291,0.0919,0.2344,0.785,6920.0,4300.0,708.0,15500.0,3.46e-19,10700.0,1.0
106.44,2957.0424635335708,3017.120655885934,2885.8097009274775,3014.532034049249,2985.1021669162897,2998.649560267613,2991.3469996574363,0.0246,0.105,0.0295,132.0,0.291,0.0919,0.2344,0.785,6920.0,4300.0,708.0,15500.0,3.46e-19,10700.0,1.0
106.56,2962.841122355576,3026.0403616563335,2890.002755730484,3021.0643160429786,2991.1124776829656,3005.4125906006316,2998.106648021059,0.0246,0.105,0.0295,132.0,0.291,0.0919,0.2344,0.785,6920.0,4300.0,708.0,15500.0,3.46e-19,10700.0,1.0
106.67999999999999,2968.647356874106,3034.9864373508112,2894.1920594596018,3027.6049044868287,2997.125672513898,3012.1875887832057,3004.877445622888,0.0246,0.105,0.0295,132.0,0.291,0.0919,0.2344,0.785,6920.0,4300.0,708.0,15500.0,3.46e-19,10700.0,1.0
106.8,2974.461172034593,3043.958960914938,2898.3775900803507,3034.153795091735,3003.14171574225,3018.974570185762,3011.659402278062,0.0246,0.105,0.0295,132.0,0.291,0.0919,0.2344,0.785,6920.0,4300.0,708.0,15500.0,3.46e-19,10700.0,1.0
106.92,2980.282572782465,3052.9580105230198,2902.5593256625566,3040.710983546332,3009.1605716271706,3025.773550191013,3018.4525278007245,0.0246,0.105,0.0295,132.0,0.291,0.0919,0.2344,0.785,6920.0,4300.0,708.0,15500.0,3.46e-19,10700.0,1.0
107.03999999999999,2986.111564063152,3061.9836645786922,2906.737244380899,3047.276465517046,3015.182204354397,3032.584544193964,3025.2568320040327,0.0246,0.105,0.0295,132.0,0.291,0.0919,0.2344,0.785,6920.0,4300.0,708.0,15500.0,3.46e-19,10700.0,1.0
107.16,2991.9481508220847,3071.036001715511,2910.911324515455,3053.8502366481925,3021.206578036861,3039.4075676019215,3032.072324700158,0.0246,0.105,0.0295,132.0,0.291,0.0919,0.2344,0.785,6920.0,4300.0,708.0,15500.0,3.46e-19,10700.0,1.0
107.28,2997.7923380046927,3080.115100797535,2915.0815444522395,3060.4322925620654,3027.233656715288,3046.242635834489,3038.899015700285,0.0246,0.105,0.0295,132.0,0.291,0.0919,0.2344,0.785,6920.0,4300.0,708.0,15500.0,3.46e-19,10700.0,1.0
107.39999999999999,3003.6441305564053,3089.221040919923,2919.2478826837532,3067.0226288590325,3033.2634043587973,3053.089764323575,3045.7369148146154,0.0246,0.105,0.0295,132.0,0.291,0.0919,0.2344,0.785,6920.0,4300.0,708.0,15500.0,3.46e-19,10700.0,1.0
107.52,3009.503533422653,3098.353901409521,2923.410317809524,3073.6212411176316,3039.2957848655124,3059.9489685133985,3052.586031852373,0.0246,0.105,0.0295,132.0,0.291,0.0919,0.2344,0.785,6920.0,4300.0,708.0,15500.0,3.46e-19,10700.0,1.0
107.64,3015.370551548866,3107.5137618254494,2927.5688285366496,3080.22812489466,3045.330762063155,3066.8202638604903,3059.446376621799,0.0246,0.105,0.0295,132.0,0.291,0.0919,0.2344,0.785,6920.0,4300.0,708.0,15500.0,3.46e-19,10700.0,1.0
107.75999999999999,3021.2451898804725,3116.700701959695,2931.723393680344,3086.8432757252713,3051.368299709652,3073.7036658336965,3066.3179589301594,0.0246,0.105,0.0295,132.0,0.291,0.0919,0.2344,0.785,6920.0,4300.0,708.0,15500.0,3.46e-19,10700.0,1.0
107.88,3027.1274533629044,3125.9148018377027,2935.873992164481,3093.4666891230695,3057.4083614937394,3080.599189914186,3073.2007885837465,0.0246,0.105,0.0295,132.0,0.291,0.0919,0.2344,0.785,6920.0,4300.0,708.0,15500.0,3.46e-19,10700.0,1.0
108.0,3033.0173469415904,3135.15614171896,2940.0206030221343,3100.098360580199,3063.450911035559,3087.50685159545,3080.0948753878765,0.0246,0.105,0.0295,132.0,0.291,0.0919,0.2344,0.785,6920.0,4300.0,708.0,15500.0,3.46e-19,10700.0,1.0
108.11999999999999,3038.9148755619603,3144.4248020975892,2944.163205396125,3106.7382855674414,3069.4959118872653,3094.4266663833077,3087.000229146896,0.0246,0.105,0.0295,132.0,0.291,0.0919,0.2344,0.785,6920.0,4300.0,708.0,15500.0,3.46e-19,10700.0,1.0
108.24,3044.8200441694453,3153.7208637029407,2948.301778539565,3113.3864595343116,3075.5433275336295,3101.3586497959127,3093.9168596641825,0.0246,0.105,0.0295,132.0,0.291,0.0919,0.2344,0.785,6920.0,4300.0,708.0,15500.0,3.46e-19,10700.0,1.0
108.36,3050.732857709474,3163.044407500175,2952.4363018163986,3120.0428779091444,3081.5931213926365,3108.302817363753,3100.844776742146,0.0246,0.105,0.0295,132.0,0.291,0.0919,0.2344,0.785,6920.0,4300.0,708.0,15500.0,3.46e-19,10700.0,1.0
108.47999999999999,3056.653321127476,3172.395514690858,2956.5667547019475,3126.707536099195,3087.6452568160917,3115.2591846296555,3107.7839901822304,0.0246,0.105,0.0295,132.0,0.291,0.0919,0.2344,0.785,6920.0,4300.0,708.0,15500.0,3.46e-19,10700.0,1.0
108.6,3062.5814393688825,3181.7742667135503,2960.6931167834555,3133.3804294907304,3093.699697090223,3122.227767148794,3114.734509784918,0.0246,0.105,0.0295,132.0,0.291,0.0919,0.2344,0.785,6920.0,4300.0,708.0,15500.0,3.46e-19,10700.0,1.0
108.72,3068.5172173791225,3191.180745244395,2964.8153677606297,3140.0615534491217,3099.756405436281,3129.208580488687,3121.696345349727,0.0246,0.105,0.0295,132.0,0.291,0.0919,0.2344,0.785,6920.0,4300.0,708.0,15500.0,3.46e-19,10700.0,1.0
108.83999999999999,3074.4606601036253,3200.6150321977057,2968.9334874461865,3146.750903318939,3105.815345011143,3136.2016402292056,3128.6695066752177,0.0246,0.105,0.0295,132.0,0.291,0.0919,0.2344,0.785,6920.0,4300.0,708.0,15500.0,3.46e-19,10700.0,1.0
108.96,3080.411772487822,3210.077209726563,2973.0474557663956,3153.448474424047,3111.8764789079173,3143.2069619625786,3135.6540035589933,0.0246,0.105,0.0295,132.0,0.291,0.0919,0.2344,0.785,6920.0,4300.0,708.0,15500.0,3.46e-19,10700.0,1.0
109.08,3086.3705594771427,3219.567360223396,2977.1572527616204,3160.1542620676955,3117.939770156542,3150.2245612933907,3142.6498457977004,0.0246,0.105,0.0295,132.0,0.291,0.0919,0.2344,0.785,6920.0,4300.0,708.0,15500.0,3.46e-19,10700.0,1.0
109.2,3092.337026017016,3229.085566320576,2981.2628585868665,3166.8682615326147,3124.00518172439,3157.2544538385923,3149.6570431870314,0.0246,0.105,0.0295,132.0,0.291,0.0919,0.2344,0.785,6920.0,4300.0,708.0,15500.0,3.46e-19,10700.0,1.0
109.32,3098.3111770528717,3238.6319108910066,2985.36425351232,3173.590468081109,3130.072676516869,3164.2966552274997,3156.675605521727,0.0246,0.105,0.0295,132.0,0.291,0.0919,0.2344,0.785,6920.0,4300.0,708.0,15500.0,3.46e-19,10700.0,1.0
109.44,3104.293017530139,3248.206483490531,2989.461401442738,3180.3208774723566,3136.142233790287,3171.3511810993896,3163.70554261213,0.0246,0.105,0.0295,132.0,0.291,0.0919,0.2344,0.785,6920.0,4300.0,708.0,15500.0,3.46e-19,10700.0,1.0
109.56,3110.282552394249,3257.8093627945755,2993.554294854707,3187.059484552315,3142.213804403593,3178.418047110078,3170.7468642390595,0.0246,0.105,0.0295,132.0,0.291,0.0919,0.2344,0.785,6920.0,4300.0,708.0,15500.0,3.46e-19,10700.0,1.0
109.67999999999999,3116.2797865906305,3267.4406317725334,2997.6429159755803,3193.806284472101,3148.2873494782907,3185.4972689262418,3177.7995801927955,0.0246,0.105,0.0295,132.0,0.291,0.0919,0.2344,0.785,6920.0,4300.0,708.0,15500.0,3.46e-19,10700.0,1.0
109.8,3122.2847250647146,3277.1003743455517,3001.727245336477,3200.5612724196944,3154.3628318823435,3192.5888622266775,3184.8637002644996,0.0246,0.105,0.0295,132.0,0.291,0.0919,0.2344,0.785,6920.0,4300.0,708.0,15500.0,3.46e-19,10700.0,1.0
109.92,3128.297372761931,3286.7886746813388,3005.807263578528,3207.324443563365,3160.44021443262,3199.6928427025655,3191.939234244396,0.0246,0.105,0.0295,132.0,0.291,0.0919,0.2344,0.785,6920.0,4300.0,708.0,15500.0,3.46e-19,10700.0,1.0
110.03999999999999,3134.317734627709,3296.5056171948077,3009.8829514532813,3214.095793051769,3166.5194598956323,3206.809226057475,3199.0261919217774,0.0246,0.105,0.0295,132.0,0.291,0.0919,0.2344,0.785,6920.0,4300.0,708.0,15500.0,3.46e-19,10700.0,1.0
110.16,3140.345815607479,3306.251286548723,3013.9542898231216,3220.8753160140527,3172.600530988271,3213.938028007371,3206.1245830850085,0.0246,0.105,0.0295,132.0,0.291,0.0919,0.2344,0.785,6920.0,4300.0,708.0,15500.0,3.46e-19,10700.0,1.0
110.28,3146.381620646671,3316.025767654334,3018.021259661676,3227.6630075599437,3178.683390378535,3221.0792642806146,3213.234417521523,0.0246,0.105,0.0295,132.0,0.291,0.0919,0.2344,0.785,6920.0,4300.0,708.0,15500.0,3.46e-19,10700.0,1.0
110.39999999999999,3152.425154690714,3325.8291456720185,3022.0838420542277,3234.4588627798516,3184.7680006862684,3228.2329506179667,3220.355705017829,0.0246,0.105,0.0295,132.0,0.291,0.0919,0.2344,0.785,6920.0,4300.0,708.0,15500.0,3.46e-19,10700.0,1.0
110.52,3158.4764226850384,3335.66150601193,3026.1420181981284,3241.262876744969,3190.8543244838947,3235.3991027725965,3227.488455359515,0.0246,0.105,0.0295,132.0,0.291,0.0919,0.2344,0.785,6920.0,4300.0,708.0,15500.0,3.46e-19,10700.0,1.0
110.64,3164.5354295750744,3345.52293433463,3030.195769403208,3248.0750445073627,3196.94232429715,3242.57773651008,3234.6326783312416,0.0246,0.105,0.0295,132.0,0.291,0.0919,0.2344,0.785,6920.0,4300.0,708.0,15500.0,3.46e-19,10700.0,1.0
110.75999999999999,3170.602180306251,3355.4135165517328,3034.245077092188,3254.895361100076,3203.0319626058154,3249.7688676084044,3241.7883837167533,0.0246,0.105,0.0295,132.0,0.291,0.0919,0.2344,0.785,6920.0,4300.0,708.0,15500.0,3.46e-19,10700.0,1.0
110.88,3176.676679823999,3365.3333388265514,3038.289922801092,3261.7238215372286,3209.1232018444553,3256.972511857978,3248.9555812988774,0.0246,0.105,0.0295,132.0,0.291,0.0919,0.2344,0.785,6920.0,4300.0,708.0,15500.0,3.46e-19,10700.0,1.0
111.0,3182.7589330737483,3375.2824875747306,3042.330288179659,3268.560420814108,3215.2160044031466,3264.188685061627,3256.134280859524,0.0246,0.105,0.0295,132.0,0.291,0.0919,0.2344,0.785,6920.0,4300.0,708.0,15500.0,3.46e-19,10700.0,1.0
111.11999999999999,3188.848945000927,3385.2610494648934,3046.366154991753,3275.4051539072725,3221.310332628215,3271.4174030346007,3263.324492179689,0.0246,0.105,0.0295,132.0,0.291,0.0919,0.2344,0.785,6920.0,4300.0,708.0,15500.0,3.46e-19,10700.0,1.0
111.24,3194.9467205509673,3395.269111419283,3050.3975051157763,3282.2580157746493,3227.40614882297,3278.658681604581,3270.5262250394603,0.0246,0.105,0.0295,132.0,0.291,0.0919,0.2344,0.785,6920.0,4300.0,708.0,15500.0,3.46e-19,10700.0,1.0
111.36,3201.0522646692975,3405.3067606144,3054.42432054508,3289.1190013556284,3233.503415248437,3285.912536611678,3277.7394892180127,0.0246,0.105,0.0295,132.0,0.291,0.0919,0.2344,0.785,6920.0,4300.0,708.0,15500.0,3.46e-19,10700.0,1.0
111.47999999999999,3207.1655823013475,3415.3740844816452,3058.446583388375,3295.988105571163,3239.602094124091,3293.17898390844,3284.9642944936154,0.0246,0.105,0.0295,132.0,0.291,0.0919,0.2344,0.785,6920.0,4300.0,708.0,15500.0,3.46e-19,10700.0,1.0
111.6,3213.2866783925483,3425.471170707966,3062.4642758701484,3302.8653233238697,3245.7021476285936,3300.458039359856,3292.2006506436333,0.0246,0.105,0.0295,132.0,0.291,0.0919,0.2344,0.785,6920.0,4300.0,708.0,15500.0,3.46e-19,10700.0,1.0
111.72,3219.415557888329,3435.598107236488,3066.4773803310677,3309.7506494981217,3251.8035379005237,3307.7497188433567,3299.4485674445264,0.0246,0.105,0.0295,132.0,0.291,0.0919,0.2344,0.785,6920.0,4300.0,708.0,15500.0,3.46e-19,10700.0,1.0
111.83999999999999,3225.552225734119,3445.7549822671626,3070.485879228398,3316.644078960148,3257.9062270391123,3315.0540382488216,3306.708054671854,0.0246,0.105,0.0295,132.0,0.291,0.0919,0.2344,0.785,6920.0,4300.0,708.0,15500.0,3.46e-19,10700.0,1.0
111.96,3231.6966868753493,3455.9418842574114,3074.4897551364124,3323.545606558136,3264.010177104979,3322.371013478584,3313.979122100278,0.0246,0.105,0.0295,132.0,0.291,0.0919,0.2344,0.785,6920.0,4300.0,708.0,15500.0,3.46e-19,10700.0,1.0
112.08,3237.848946257449,3466.1589019227577,3078.4889907468028,3330.4552271223224,3270.1153501208614,3329.70066044743,3321.2617795035612,0.0246,0.105,0.0295,132.0,0.291,0.0919,0.2344,0.785,6920.0,4300.0,708.0,15500.0,3.46e-19,10700.0,1.0
112.2,3244.0090088258485,3476.4061242374755,3082.483568869091,3337.372935465095,3276.221708072354,3337.042995082606,3328.5560366545733,0.0246,0.105,0.0295,132.0,0.291,0.0919,0.2344,0.785,6920.0,4300.0,708.0,15500.0,3.46e-19,10700.0,1.0
112.32,3250.176879525976,3486.6836404352275,3086.473472431042,3344.298726381089,3282.329212908637,3344.3980333238214,3335.861903325289,0.0246,0.105,0.0295,132.0,0.291,0.0919,0.2344,0.785,6920.0,4300.0,708.0,15500.0,3.46e-19,10700.0,1.0
112.44,3256.352563303263,3496.9915400097107,3090.4586844790765,3351.2325946472893,3288.4378265432174,3351.7657911232554,3343.179389286796,0.0246,0.105,0.0295,132.0,0.291,0.0919,0.2344,0.785,6920.0,4300.0,708.0,15500.0,3.46e-19,10700.0,1.0
112.56,3262.5360651031397,3507.32991271529,3094.4391881786796,3358.1745350231204,3294.5475108546543,3359.1462844455555,3350.508504309289,0.0246,0.105,0.0295,132.0,0.291,0.0919,0.2344,0.785,6920.0,4300.0,708.0,15500.0,3.46e-19,10700.0,1.0
112.67999999999999,3268.727389871034,3517.698848567645,3098.414966814813,3365.1245422505513,3300.6582276872996,3366.539529267844,3357.849258162079,0.0246,0.105,0.0295,132.0,0.291,0.0919,0.2344,0.785,6920.0,4300.0,708.0,15500.0,3.46e-19,10700.0,1.0
112.8,3274.926542552377,3528.0984413381,3102.385995276902,3372.082611150281,3306.7699454679837,3373.945541578543,3365.201660617692,0.0246,0.105,0.0295,132.0,0.291,0.0919,0.2344,0.785,6920.0,4300.0,708.0,15500.0,3.46e-19,10700.0,1.0
112.92,3281.1335280926,3538.5287829938084,3106.3522536121554,3379.048736468903,3312.8826286769854,3381.3643373792547,3372.565721445348,0.0246,0.105,0.0295,132.0,0.291,0.0919,0.2344,0.785,6920.0,4300.0,708.0,15500.0,3.46e-19,10700.0,1.0
113.03999999999999,3287.34835143713,3548.98996061304,3110.3137345461378,3386.022912794138,3318.996232006074,3388.795932685811,3379.9414504073347,0.0246,0.105,0.0295,132.0,0.291,0.0919,0.2344,0.785,6920.0,4300.0,708.0,15500.0,3.46e-19,10700.0,1.0
113.16,3293.5710175313993,3559.4820653489624,3114.270421636666,3393.0051348014645,3325.1107173326186,3396.2403435252454,3387.32885726954,0.0246,0.105,0.0295,132.0,0.291,0.0919,0.2344,0.785,6920.0,4300.0,708.0,15500.0,3.46e-19,10700.0,1.0
113.28,3299.8015313208366,3570.0051886225924,3118.222298554973,3399.9953971494797,3331.226046509756,3403.6975859370855,3394.727951796976,0.0246,0.105,0.0295,132.0,0.291,0.0919,0.2344,0.785,6920.0,4300.0,708.0,15500.0,3.46e-19,10700.0,1.0
113.39999999999999,3306.039897750871,3580.5594221234937,3122.1693490859802,3406.993694480004,3337.342181367232,3411.167675973353,3402.138743753784,0.0246,0.105,0.0295,132.0,0.291,0.0919,0.2344,0.785,6920.0,4300.0,708.0,15500.0,3.46e-19,10700.0,1.0
113.52,3312.2861217669342,3591.1448578104796,3126.1115571285795,3414.0000214181814,3343.4590837122437,3418.6506296985763,3409.5612429032417,0.0246,0.105,0.0295,132.0,0.291,0.0919,0.2344,0.785,6920.0,4300.0,708.0,15500.0,3.46e-19,10700.0,1.0
113.64,3318.540208314455,3601.761587912303,3130.0489066959,3421.0143725725757,3349.576715330276,3426.1464631897834,3416.9954590077564,0.0246,0.105,0.0295,132.0,0.291,0.0919,0.2344,0.785,6920.0,4300.0,708.0,15500.0,3.46e-19,10700.0,1.0
113.75999999999999,3324.802162338862,3612.4097049283587,3133.9813819155866,3428.036742535271,3355.6950379859445,3433.6551925365134,3424.4414018288726,0.0246,0.105,0.0295,132.0,0.291,0.0919,0.2344,0.785,6920.0,4300.0,708.0,15500.0,3.46e-19,10700.0,1.0
113.88,3331.0719887855876,3623.089301629381,3137.9089670300773,3435.0671258819743,3361.814013423837,3441.1768338408187,3431.899081127275,0.0246,0.105,0.0295,132.0,0.291,0.0919,0.2344,0.785,6920.0,4300.0,708.0,15500.0,3.46e-19,10700.0,1.0
114.0,3337.3496926000603,3633.8004710581386,3141.8316463968717,3442.105517172109,3367.93360336935,3448.7114032172667,3439.368506662788,0.0246,0.105,0.0295,132.0,0.291,0.0919,0.2344,0.785,6920.0,4300.0,708.0,15500.0,3.46e-19,10700.0,1.0
114.11999999999999,3343.6352787277096,3644.5433065301304,3145.749404488811,3449.1519109489186,3374.0537695295307,3456.258916792946,3446.849688194377,0.0246,0.105,0.0295,132.0,0.291,0.0919,0.2344,0.785,6920.0,4300.0,708.0,15500.0,3.46e-19,10700.0,1.0
114.24,3349.928752113966,3655.317901634291,3149.6622258943516,3456.2063017395667,3380.174473593921,3463.81939070747,3454.342635480155,0.0246,0.105,0.0295,132.0,0.291,0.0919,0.2344,0.785,6920.0,4300.0,708.0,15500.0,3.46e-19,10700.0,1.0
114.36,3356.2301177042596,3666.1243502336783,3153.5700953178384,3463.268684055233,3386.2956772353914,3471.39284111298,3461.847358277379,0.0246,0.105,0.0295,132.0,0.291,0.0919,0.2344,0.785,6920.0,4300.0,708.0,15500.0,3.46e-19,10700.0,1.0
114.47999999999999,3362.5393804440187,3676.962746466176,3157.4729975797813,3470.3390523912135,3392.417342110985,3478.9792841741473,3469.3638663424567,0.0246,0.105,0.0295,132.0,0.291,0.0919,0.2344,0.785,6920.0,4300.0,708.0,15500.0,3.46e-19,10700.0,1.0
114.6,3368.856545278675,3687.833184745194,3161.370917617129,3477.4174012270255,3398.5394298627593,3486.5787360681834,3476.892169430948,0.0246,0.105,0.0295,132.0,0.291,0.0919,0.2344,0.785,6920.0,4300.0,708.0,15500.0,3.46e-19,10700.0,1.0
114.72,3375.181617153658,3698.7357597603573,3165.263840483545,3484.5037250264977,3404.6619021186225,3494.191212984835,3484.432277297564,0.0246,0.105,0.0295,132.0,0.291,0.0919,0.2344,0.785,6920.0,4300.0,708.0,15500.0,3.46e-19,10700.0,1.0
114.83999999999999,3381.514601014396,3709.6705664782085,3169.1517513496797,3491.598018237876,3410.784720493176,3501.816731126395,3491.9841996961713,0.0246,0.105,0.0295,132.0,0.291,0.0919,0.2344,0.785,6920.0,4300.0,708.0,15500.0,3.46e-19,10700.0,1.0
114.96,3387.8555018063207,3720.63770014291,3173.034635503449,3498.7002752939234,3416.907846588556,3509.455306707704,3499.5479463797965,0.0246,0.105,0.0295,132.0,0.291,0.0919,0.2344,0.785,6920.0,4300.0,708.0,15500.0,3.46e-19,10700.0,1.0
115.08,3394.204324474861,3731.6372562769316,3176.912478350306,3505.8104906120147,3423.031241995271,3517.1069559561524,3507.123527100624,0.0246,0.105,0.0295,132.0,0.291,0.0919,0.2344,0.785,6920.0,4300.0,708.0,15500.0,3.46e-19,10700.0,1.0
115.19999999999999,3400.5610739654467,3742.6693306817524,3180.785265413517,3512.9286585942396,3429.154868293044,3524.7716951116863,3514.710951609999,0.0246,0.105,0.0295,132.0,0.291,0.0919,0.2344,0.785,6920.0,4300.0,708.0,15500.0,3.46e-19,10700.0,1.0
115.32,3406.9257552235085,3753.7340194385624,3184.6529823344376,3520.0547736275016,3435.2786870516534,3532.4495404268127,3522.3102296584343,0.0246,0.105,0.0295,132.0,0.291,0.0919,0.2344,0.785,6920.0,4300.0,708.0,15500.0,3.46e-19,10700.0,1.0
115.44,3413.298373194476,3764.8314189089533,3188.515614872784,3527.188830083617,3441.40265983177,3540.1405081665994,3529.9213709956057,0.0246,0.105,0.0295,132.0,0.291,0.0919,0.2344,0.785,6920.0,4300.0,708.0,15500.0,3.46e-19,10700.0,1.0
115.56,3419.6789328237783,3775.9616257356183,3192.3731489069123,3534.3308223194144,3447.5267481858023,3547.8446146086812,3537.544385370358,0.0246,0.105,0.0295,132.0,0.291,0.0919,0.2344,0.785,6920.0,4300.0,708.0,15500.0,3.46e-19,10700.0,1.0
115.67999999999999,3426.067439056845,3787.124736843049,3196.2255704340882,3541.480744676832,3453.6509136587306,3555.561876043264,3545.179282530707,0.0246,0.105,0.0295,132.0,0.291,0.0919,0.2344,0.785,6920.0,4300.0,708.0,15500.0,3.46e-19,10700.0,1.0
115.8,3432.4638968391073,3798.3208494382375,3200.0728655707676,3548.6385914830225,3459.7751177889554,3563.292308773129,3552.8260722238415,0.0246,0.105,0.0295,132.0,0.291,0.0919,0.2344,0.785,6920.0,4300.0,708.0,15500.0,3.46e-19,10700.0,1.0
115.92,3438.8683111159944,3809.550061011367,3203.9150205528667,3555.804357050448,3465.8993221091296,3571.0359291136365,3560.4847641961233,0.0246,0.105,0.0295,132.0,0.291,0.0919,0.2344,0.785,6920.0,4300.0,708.0,15500.0,3.46e-19,10700.0,1.0
116.03999999999999,3445.2806868329353,3820.8124693365103,3207.7520217360375,3562.978035676978,3472.0234881470033,3578.792753392725,3568.155368193092,0.0246,0.105,0.0295,132.0,0.291,0.0919,0.2344,0.785,6920.0,4300.0,708.0,15500.0,3.46e-19,10700.0,1.0
116.16,3451.701028935361,3832.108172679188,3211.5838551432716,3570.15962164347,3478.147577676335,3586.562797950862,3575.837893959506,0.0246,0.105,0.0295,132.0,0.291,0.0919,0.2344,0.785,6920.0,4300.0,708.0,15500.0,3.46e-19,10700.0,1.0
116.28,3458.129342368703,3843.4372775849956,3215.4104894222505,3577.349109118803,3484.27156213273,3594.346079138702,3583.5323512408204,0.0246,0.105,0.0295,132.0,0.291,0.0919,0.2344,0.785,6920.0,4300.0,708.0,15500.0,3.46e-19,10700.0,1.0
116.39999999999999,3464.5656320783883,3854.799875536145,3219.231926931372,3584.54649244492,3490.39539439324,3602.142613324101,3591.2387497787613,0.0246,0.105,0.0295,132.0,0.291,0.0919,0.2344,0.785,6920.0,4300.0,708.0,15500.0,3.46e-19,10700.0,1.0
116.52,3471.009903009848,3866.196065541041,3223.048154307119,3591.7517658612096,3496.519036085369,3609.952416885344,3598.9570993156162,0.0246,0.105,0.0295,132.0,0.291,0.0919,0.2344,0.785,6920.0,4300.0,708.0,15500.0,3.46e-19,10700.0,1.0
116.64,3477.462160108512,3877.6259468990606,3226.859158299213,3598.9649235929187,3502.6424488402663,3617.775506213311,3606.6874095928583,0.0246,0.105,0.0295,132.0,0.291,0.0919,0.2344,0.785,6920.0,4300.0,708.0,15500.0,3.46e-19,10700.0,1.0
116.75999999999999,3483.922408319809,3889.0896192013142,3230.664925770757,3606.185959851258,3508.7655942936394,3625.6118977114884,3614.429690351151,0.0246,0.105,0.0295,132.0,0.291,0.0919,0.2344,0.785,6920.0,4300.0,708.0,15500.0,3.46e-19,10700.0,1.0
116.88,3490.3906525891707,3900.587182331408,3234.4654436983756,3613.4148688335003,3514.888434086675,3633.461607795973,3622.183951330352,0.0246,0.105,0.0295,132.0,0.291,0.0919,0.2344,0.785,6920.0,4300.0,708.0,15500.0,3.46e-19,10700.0,1.0
117.0,3496.866897862026,3912.1187364661946,3238.260699172358,3620.6516447230756,3521.010929866943,3641.324652895471,3629.950202269513,0.0246,0.105,0.0295,132.0,0.291,0.0919,0.2344,0.785,6920.0,4300.0,708.0,15500.0,3.46e-19,10700.0,1.0
117.11999999999999,3503.3511490838036,3923.6843820765366,3242.0506793967947,3627.8962816896715,3527.1330432893196,3649.2010494513042,3637.7284529068797,0.0246,0.105,0.0295,132.0,0.291,0.0919,0.2344,0.785,6920.0,4300.0,708.0,15500.0,3.46e-19,10700.0,1.0
117.24,3509.8434111999354,3935.284219928068,3245.8353716897254,3635.1487738893356,3533.254736016898,3657.0908139174176,3645.5187129799024,0.0246,0.105,0.0295,132.0,0.291,0.0919,0.2344,0.785,6920.0,4300.0,708.0,15500.0,3.46e-19,10700.0,1.0
117.36,3516.34368915585,3946.918351081945,3249.6147634832746,3642.409115464567,3539.3759697218998,3664.9939627603762,3653.3209922252277,0.0246,0.105,0.0295,132.0,0.291,0.0919,0.2344,0.785,6920.0,4300.0,708.0,15500.0,3.46e-19,10700.0,1.0
117.47999999999999,3522.851987896977,3958.586876895607,3253.3888423237936,3649.677300544421,3545.4967060865933,3672.910512459374,3661.135300378706,0.0246,0.105,0.0295,132.0,0.291,0.0919,0.2344,0.785,6920.0,4300.0,708.0,15500.0,3.46e-19,10700.0,1.0
117.6,3529.368312368748,3970.2898990235426,3257.157595872005,3656.9533232446065,3551.6169068042072,3680.8404795062374,3668.9616471753952,0.0246,0.105,0.0295,132.0,0.291,0.0919,0.2344,0.785,6920.0,4300.0,708.0,15500.0,3.46e-19,10700.0,1.0
117.72,3535.892667516591,3982.0275194180363,3260.92101190314,3664.237177667581,3557.736533579842,3688.7838804054263,3676.80004234956,0.0246,0.105,0.0295,132.0,0.291,0.0919,0.2344,0.785,6920.0,4300.0,708.0,15500.0,3.46e-19,10700.0,1.0
117.83999999999999,3542.425058285936,3993.7998403299334,3264.679078307081,3671.5288579026537,3563.8555481313865,3696.7407316740396,3684.650495634673,0.0246,0.105,0.0295,132.0,0.291,0.0919,0.2344,0.785,6920.0,4300.0,708.0,15500.0,3.46e-19,10700.0,1.0
117.96,3548.965489622214,4005.6069643094024,3268.431783088504,3678.8283580260845,3569.9739121904317,3704.711049841822,3692.5130167634215,0.0246,0.105,0.0295,132.0,0.291,0.0919,0.2344,0.785,6920.0,4300.0,708.0,15500.0,3.46e-19,10700.0,1.0
118.08,3555.5139664708545,4017.4489942066825,3272.179114367017,3686.1356721011775,3576.0915875031847,3712.694851451161,3700.3876154677046,0.0246,0.105,0.0295,132.0,0.291,0.0919,0.2344,0.785,6920.0,4300.0,708.0,15500.0,3.46e-19,10700.0,1.0
118.19999999999999,3562.070493777286,4029.326033172851,3275.921060377304,3693.450794178384,3582.2085358313802,3720.6921530570958,3708.2743014786365,0.0246,0.105,0.0295,132.0,0.291,0.0919,0.2344,0.785,6920.0,4300.0,708.0,15500.0,3.46e-19,10700.0,1.0
118.32,3568.6350764869403,4041.2381846605817,3279.6576094692655,3700.7737182954024,3588.3247189532017,3728.7029712273234,3716.1730845265542,0.0246,0.105,0.0295,132.0,0.291,0.0919,0.2344,0.785,6920.0,4300.0,708.0,15500.0,3.46e-19,10700.0,1.0
118.44,3575.2077195452466,4053.1855524248967,3283.3887501081567,3708.104438477272,3594.440098664187,3736.7273225421945,3724.0839743410106,0.0246,0.105,0.0295,132.0,0.291,0.0919,0.2344,0.785,6920.0,4300.0,708.0,15500.0,3.46e-19,10700.0,1.0
118.56,3581.788427897634,4065.1682405239308,3287.114470874733,3715.4429487364755,3600.5546367781494,3744.765223594725,3732.006980650783,0.0246,0.105,0.0295,132.0,0.291,0.0919,0.2344,0.785,6920.0,4300.0,708.0,15500.0,3.46e-19,10700.0,1.0
118.67999999999999,3588.3772064895325,4077.186353319687,3290.8347604653877,3722.7892430730353,3606.668295128086,3752.8166909905935,3739.9421131838726,0.0246,0.105,0.0295,132.0,0.291,0.0919,0.2344,0.785,6920.0,4300.0,708.0,15500.0,3.46e-19,10700.0,1.0
118.8,3594.9740602663733,4089.2399954787998,3294.5496076922973,3730.143315474617,3612.7810355670977,3760.881741348154,3747.889381667509,0.0246,0.105,0.0295,132.0,0.291,0.0919,0.2344,0.785,6920.0,4300.0,708.0,15500.0,3.46e-19,10700.0,1.0
118.92,3601.5789941735848,4101.329271973286,3298.2590014835573,3737.50515991662,3618.8928199692987,3768.9603912984285,3755.8487958281503,0.0246,0.105,0.0295,132.0,0.291,0.0919,0.2344,0.785,6920.0,4300.0,708.0,15500.0,3.46e-19,10700.0,1.0
119.03999999999999,3608.1920131565967,4113.454288081308,3301.962930883326,3744.8747703622826,3625.003610230732,3777.052657485119,3763.820365391483,0.0246,0.105,0.0295,132.0,0.291,0.0919,0.2344,0.785,6920.0,4300.0,708.0,15500.0,3.46e-19,10700.0,1.0
119.16,3614.81312216084,4125.615149387934,3305.6613850519684,3752.252140762781,3631.113368270287,3785.1585565646105,3771.804100082432,0.0246,0.105,0.0295,132.0,0.291,0.0919,0.2344,0.785,6920.0,4300.0,708.0,15500.0,3.46e-19,10700.0,1.0
119.28,3621.4423261317447,4137.811961785891,3309.3543532661924,3759.637265057322,3637.222056030607,3793.2781052059704,3779.8000096251535,0.0246,0.105,0.0295,132.0,0.291,0.0919,0.2344,0.785,6920.0,4300.0,708.0,15500.0,3.46e-19,10700.0,1.0
119.39999999999999,3628.0796300147385,4150.044831476327,3313.0418249191916,3767.0301371732476,3643.3296354790077,3801.411320090956,3787.8081037430416,0.0246,0.105,0.0295,132.0,0.291,0.0919,0.2344,0.785,6920.0,4300.0,708.0,15500.0,3.46e-19,10700.0,1.0
119.52,3634.725038755254,4162.313864969572,3316.72378952079,3774.4307510261324,3649.436068608393,3809.558217914019,3795.8283921587335,0.0246,0.105,0.0295,132.0,0.291,0.0919,0.2344,0.785,6920.0,4300.0,708.0,15500.0,3.46e-19,10700.0,1.0
119.64,3641.37855729872,4174.619174447735,3320.400226705898,3781.839100303775,3655.54132035207,3817.7188153808647,3803.86088459173,0.0246,0.105,0.0295,132.0,0.291,0.0919,0.2344,0.785,6920.0,4300.0,708.0,15500.0,3.46e-19,10700.0,1.0
119.75999999999999,3648.040190590565,4186.960866450984,3324.07112731894,3789.255178922321,3661.6453524357903,3825.8931292115003,3811.9055907634133,0.0246,0.105,0.0295,132.0,0.291,0.0919,0.2344,0.785,6920.0,4300.0,708.0,15500.0,3.46e-19,10700.0,1.0
119.88,3654.7099435762216,4199.339045077792,3327.7364874518344,3796.678980897406,3667.7481251174245,3834.0811761393784,3819.962520395633,0.0246,0.105,0.0295,132.0,0.291,0.0919,0.2344,0.785,6920.0,4300.0,708.0,15500.0,3.46e-19,10700.0,1.0
120.0,3661.3878212011177,4211.753818184811,3331.396296892201,3804.1105000944044,3673.849600556805,3842.2829729097316,3828.0316832079584,0.0246,0.105,0.0295,132.0,0.291,0.0919,0.2344,0.785,6920.0,4300.0,708.0,15500.0,3.46e-19,10700.0,1.0
